  -5.039   -5.039      0.0      0.0      0.0     -1.0    1.882
  -4.453   -11.72      0.0      0.0      0.0     -1.0    1.752
  -11.72   -4.453      0.0      0.0      0.0     -1.0    1.752
  -9.844   -9.844      0.0      0.0      0.0     -1.0    1.296
   5.039   -5.039      0.0      0.0      0.0     -1.0    1.882
   11.72   -4.453      0.0      0.0      0.0     -1.0    1.752
   4.453   -11.72      0.0      0.0      0.0     -1.0    1.752
   9.844   -9.844      0.0      0.0      0.0     -1.0    1.296
   5.039    5.039      0.0     -0.0      0.0     -1.0    1.882
   4.453    11.72      0.0     -0.0      0.0     -1.0    1.752
   11.72    4.453      0.0     -0.0      0.0     -1.0    1.752
   9.844    9.844      0.0     -0.0      0.0     -1.0    1.296
  -5.039    5.039      0.0      0.0     -0.0     -1.0    1.882
  -11.72    4.453      0.0      0.0     -0.0     -1.0    1.752
  -4.453    11.72      0.0      0.0     -0.0     -1.0    1.752
  -9.844    9.844      0.0      0.0     -0.0     -1.0    1.296
  -7.266    11.02      0.0      0.0     -0.0     -1.0    1.496
  -7.969    7.969      0.0      0.0     -0.0     -1.0    1.673
  -11.02    7.266      0.0      0.0     -0.0     -1.0    1.496
  -1.523    12.13      0.0      0.0     -0.0     -1.0    1.791
  -1.641    8.672      0.0      0.0     -0.0     -1.0    1.863
  -4.805    8.379      0.0      0.0     -0.0     -1.0    1.825
  -8.379    4.805      0.0      0.0     -0.0     -1.0    1.825
  -8.672    1.641      0.0      0.0     -0.0     -1.0    1.863
  -12.13    1.523      0.0      0.0     -0.0     -1.0    1.791
  -1.699    5.215      0.0      0.0     -0.0     -1.0    1.916
  -5.215    1.699      0.0      0.0     -0.0     -1.0    1.916
   11.02    7.266      0.0     -0.0      0.0     -1.0    1.496
   7.969    7.969      0.0     -0.0      0.0     -1.0    1.673
   7.266    11.02      0.0     -0.0      0.0     -1.0    1.496
   12.13    1.523      0.0     -0.0      0.0     -1.0    1.791
   8.672    1.641      0.0     -0.0      0.0     -1.0    1.863
   8.379    4.805      0.0     -0.0      0.0     -1.0    1.825
   4.805    8.379      0.0     -0.0      0.0     -1.0    1.825
   1.641    8.672      0.0     -0.0      0.0     -1.0    1.863
   1.523    12.13      0.0     -0.0      0.0     -1.0    1.791
   5.215    1.699      0.0     -0.0      0.0     -1.0    1.916
   1.699    5.215      0.0     -0.0      0.0     -1.0    1.916
   7.266   -11.02      0.0      0.0      0.0     -1.0    1.496
   7.969   -7.969      0.0      0.0      0.0     -1.0    1.673
   11.02   -7.266      0.0      0.0      0.0     -1.0    1.496
   1.523   -12.13      0.0      0.0      0.0     -1.0    1.791
   1.641   -8.672      0.0      0.0      0.0     -1.0    1.863
   4.805   -8.379      0.0      0.0      0.0     -1.0    1.825
   8.379   -4.805      0.0      0.0      0.0     -1.0    1.825
   8.672   -1.641      0.0      0.0      0.0     -1.0    1.863
   12.13   -1.523      0.0      0.0      0.0     -1.0    1.791
   1.699   -5.215      0.0      0.0      0.0     -1.0    1.916
   5.215   -1.699      0.0      0.0      0.0     -1.0    1.916
  -11.02   -7.266      0.0      0.0      0.0     -1.0    1.496
  -7.969   -7.969      0.0      0.0      0.0     -1.0    1.673
  -7.266   -11.02      0.0      0.0      0.0     -1.0    1.496
  -12.13   -1.523      0.0      0.0      0.0     -1.0    1.791
  -8.672   -1.641      0.0      0.0      0.0     -1.0    1.863
  -8.379   -4.805      0.0      0.0      0.0     -1.0    1.825
  -4.805   -8.379      0.0      0.0      0.0     -1.0    1.825
  -1.641   -8.672      0.0      0.0      0.0     -1.0    1.863
  -1.523   -12.13      0.0      0.0      0.0     -1.0    1.791
  -5.215   -1.699      0.0      0.0      0.0     -1.0    1.916
  -1.699   -5.215      0.0      0.0      0.0     -1.0    1.916
     -3.0      1.5    33.75      1.0      0.0      0.0    2.073
     1.5      3.0    33.75      0.0     -1.0     -0.0    2.073
     3.0     -1.5    33.75     -1.0      0.0     -0.0    2.073
    -1.5     -3.0    33.75      0.0      1.0      0.0    2.073
     1.5      1.5     36.0     -0.0      0.0     -1.0    1.693
     1.5     -1.5     36.0     -0.0      0.0     -1.0    1.693
    -1.5     -1.5     36.0     -0.0      0.0     -1.0    1.693
    -1.5      1.5     36.0     -0.0      0.0     -1.0    1.693
     1.5     -3.0    33.75      0.0      1.0      0.0    2.073
     1.5     -3.0    15.75      0.0      1.0      0.0    2.073
    -1.5     -3.0    15.75      0.0      1.0      0.0    2.073
     3.0      1.5    33.75     -1.0      0.0     -0.0    2.073
     3.0      1.5    15.75     -1.0      0.0     -0.0    2.073
     3.0     -1.5    15.75     -1.0      0.0     -0.0    2.073
    -1.5      3.0    33.75      0.0     -1.0     -0.0    2.073
    -1.5      3.0    15.75      0.0     -1.0     -0.0    2.073
     1.5      3.0    15.75      0.0     -1.0     -0.0    2.073
    -3.0     -1.5    33.75      1.0      0.0      0.0    2.073
    -3.0     -1.5    15.75      1.0      0.0      0.0    2.073
    -3.0      1.5    15.75      1.0      0.0      0.0    2.073
    -3.0      1.5     6.75      1.0      0.0      0.0    2.073
    -3.0     -1.5     6.75      1.0      0.0      0.0    2.073
    -3.0     -1.5    24.75      1.0      0.0      0.0    2.073
     1.5      3.0     6.75      0.0     -1.0     -0.0    2.073
    -1.5      3.0     6.75      0.0     -1.0     -0.0    2.073
    -1.5      3.0    24.75      0.0     -1.0     -0.0    2.073
     3.0     -1.5     6.75     -1.0      0.0     -0.0    2.073
     3.0      1.5     6.75     -1.0      0.0     -0.0    2.073
     3.0      1.5    24.75     -1.0      0.0     -0.0    2.073
    -1.5     -3.0     6.75      0.0      1.0      0.0    2.073
     1.5     -3.0     6.75      0.0      1.0      0.0    2.073
     1.5     -3.0    24.75      0.0      1.0      0.0    2.073
    -1.5     -3.0    24.75      0.0      1.0      0.0    2.073
     3.0     -1.5    24.75     -1.0      0.0     -0.0    2.073
     1.5      3.0    24.75      0.0     -1.0     -0.0    2.073
    -3.0      1.5    24.75      1.0      0.0      0.0    2.073
    -3.0      1.5    20.25      1.0      0.0      0.0    2.073
     1.5      3.0    20.25      0.0     -1.0     -0.0    2.073
     3.0     -1.5    20.25     -1.0      0.0     -0.0    2.073
    -1.5     -3.0    20.25      0.0      1.0      0.0    2.073
     1.5     -3.0    20.25      0.0      1.0      0.0    2.073
     1.5     -3.0     2.25      0.0      1.0      0.0    2.073
    -1.5     -3.0     2.25      0.0      1.0      0.0    2.073
     3.0      1.5    20.25     -1.0      0.0     -0.0    2.073
     3.0      1.5     2.25     -1.0      0.0     -0.0    2.073
     3.0     -1.5     2.25     -1.0      0.0     -0.0    2.073
    -1.5      3.0    20.25      0.0     -1.0     -0.0    2.073
    -1.5      3.0     2.25      0.0     -1.0     -0.0    2.073
     1.5      3.0     2.25      0.0     -1.0     -0.0    2.073
    -3.0     -1.5    20.25      1.0      0.0      0.0    2.073
    -3.0     -1.5     2.25      1.0      0.0      0.0    2.073
    -3.0      1.5     2.25      1.0      0.0      0.0    2.073
    -3.0      1.5    11.25      1.0      0.0      0.0    2.073
    -3.0     -1.5    11.25      1.0      0.0      0.0    2.073
    -3.0     -1.5    29.25      1.0      0.0      0.0    2.073
     1.5      3.0    11.25      0.0     -1.0     -0.0    2.073
    -1.5      3.0    11.25      0.0     -1.0     -0.0    2.073
    -1.5      3.0    29.25      0.0     -1.0     -0.0    2.073
     3.0     -1.5    11.25     -1.0      0.0     -0.0    2.073
     3.0      1.5    11.25     -1.0      0.0     -0.0    2.073
     3.0      1.5    29.25     -1.0      0.0     -0.0    2.073
    -1.5     -3.0    11.25      0.0      1.0      0.0    2.073
     1.5     -3.0    11.25      0.0      1.0      0.0    2.073
     1.5     -3.0    29.25      0.0      1.0      0.0    2.073
    -1.5     -3.0    29.25      0.0      1.0      0.0    2.073
     3.0     -1.5    29.25     -1.0      0.0     -0.0    2.073
     1.5      3.0    29.25      0.0     -1.0     -0.0    2.073
    -3.0      1.5    29.25      1.0      0.0      0.0    2.073
    -3.0      1.5    33.75      1.0      0.0      0.0    2.073
     1.5      3.0    33.75      0.0     -1.0     -0.0    2.073
     3.0     -1.5    33.75     -1.0      0.0     -0.0    2.073
    -1.5     -3.0    33.75      0.0      1.0      0.0    2.073
     1.5      1.5     36.0     -0.0      0.0     -1.0    1.693
     1.5     -1.5     36.0     -0.0      0.0     -1.0    1.693
    -1.5     -1.5     36.0     -0.0      0.0     -1.0    1.693
    -1.5      1.5     36.0     -0.0      0.0     -1.0    1.693
     1.5     -3.0    33.75      0.0      1.0      0.0    2.073
     1.5     -3.0    15.75      0.0      1.0      0.0    2.073
    -1.5     -3.0    15.75      0.0      1.0      0.0    2.073
     3.0      1.5    33.75     -1.0      0.0     -0.0    2.073
     3.0      1.5    15.75     -1.0      0.0     -0.0    2.073
     3.0     -1.5    15.75     -1.0      0.0     -0.0    2.073
    -1.5      3.0    33.75      0.0     -1.0     -0.0    2.073
    -1.5      3.0    15.75      0.0     -1.0     -0.0    2.073
     1.5      3.0    15.75      0.0     -1.0     -0.0    2.073
    -3.0     -1.5    33.75      1.0      0.0      0.0    2.073
    -3.0     -1.5    15.75      1.0      0.0      0.0    2.073
    -3.0      1.5    15.75      1.0      0.0      0.0    2.073
    -3.0      1.5     6.75      1.0      0.0      0.0    2.073
    -3.0     -1.5     6.75      1.0      0.0      0.0    2.073
    -3.0     -1.5    24.75      1.0      0.0      0.0    2.073
     1.5      3.0     6.75      0.0     -1.0     -0.0    2.073
    -1.5      3.0     6.75      0.0     -1.0     -0.0    2.073
    -1.5      3.0    24.75      0.0     -1.0     -0.0    2.073
     3.0     -1.5     6.75     -1.0      0.0     -0.0    2.073
     3.0      1.5     6.75     -1.0      0.0     -0.0    2.073
     3.0      1.5    24.75     -1.0      0.0     -0.0    2.073
    -1.5     -3.0     6.75      0.0      1.0      0.0    2.073
     1.5     -3.0     6.75      0.0      1.0      0.0    2.073
     1.5     -3.0    24.75      0.0      1.0      0.0    2.073
    -1.5     -3.0    24.75      0.0      1.0      0.0    2.073
     3.0     -1.5    24.75     -1.0      0.0     -0.0    2.073
     1.5      3.0    24.75      0.0     -1.0     -0.0    2.073
    -3.0      1.5    24.75      1.0      0.0      0.0    2.073
    -3.0      1.5    20.25      1.0      0.0      0.0    2.073
     1.5      3.0    20.25      0.0     -1.0     -0.0    2.073
     3.0     -1.5    20.25     -1.0      0.0     -0.0    2.073
    -1.5     -3.0    20.25      0.0      1.0      0.0    2.073
     1.5     -3.0    20.25      0.0      1.0      0.0    2.073
     1.5     -3.0     2.25      0.0      1.0      0.0    2.073
    -1.5     -3.0     2.25      0.0      1.0      0.0    2.073
     3.0      1.5    20.25     -1.0      0.0     -0.0    2.073
     3.0      1.5     2.25     -1.0      0.0     -0.0    2.073
     3.0     -1.5     2.25     -1.0      0.0     -0.0    2.073
    -1.5      3.0    20.25      0.0     -1.0     -0.0    2.073
    -1.5      3.0     2.25      0.0     -1.0     -0.0    2.073
     1.5      3.0     2.25      0.0     -1.0     -0.0    2.073
    -3.0     -1.5    20.25      1.0      0.0      0.0    2.073
    -3.0     -1.5     2.25      1.0      0.0      0.0    2.073
    -3.0      1.5     2.25      1.0      0.0      0.0    2.073
    -3.0      1.5    11.25      1.0      0.0      0.0    2.073
    -3.0     -1.5    11.25      1.0      0.0      0.0    2.073
    -3.0     -1.5    29.25      1.0      0.0      0.0    2.073
     1.5      3.0    11.25      0.0     -1.0     -0.0    2.073
    -1.5      3.0    11.25      0.0     -1.0     -0.0    2.073
    -1.5      3.0    29.25      0.0     -1.0     -0.0    2.073
     3.0     -1.5    11.25     -1.0      0.0     -0.0    2.073
     3.0      1.5    11.25     -1.0      0.0     -0.0    2.073
     3.0      1.5    29.25     -1.0      0.0     -0.0    2.073
    -1.5     -3.0    11.25      0.0      1.0      0.0    2.073
     1.5     -3.0    11.25      0.0      1.0      0.0    2.073
     1.5     -3.0    29.25      0.0      1.0      0.0    2.073
    -1.5     -3.0    29.25      0.0      1.0      0.0    2.073
     3.0     -1.5    29.25     -1.0      0.0     -0.0    2.073
     1.5      3.0    29.25      0.0     -1.0     -0.0    2.073
    -3.0      1.5    29.25      1.0      0.0      0.0    2.073  
     1.5      1.5      0.0     -0.0      0.0      1.0    1.693
     1.5     -1.5      0.0     -0.0      0.0      1.0    1.693
    -1.5     -1.5      0.0     -0.0      0.0      1.0    1.693
    -1.5      1.5      0.0     -0.0      0.0      1.0    1.693