           1  -7.24903774       0.00000000    
           2  -7.18074226       0.00000000    
           3  -7.11244678       0.00000000    
           4  -7.04415131       0.00000000    
           5  -6.97585583       0.00000000    
           6  -6.90756035       0.00000000    
           7  -6.83926487       0.00000000    
           8  -6.77096939       0.00000000    
           9  -6.70267391       0.00000000    
          10  -6.63437843       0.00000000    
          11  -6.56608295       0.00000000    
          12  -6.49778748       0.00000000    
          13  -6.42949200       0.00000000    
          14  -6.36119652       0.00000000    
          15  -6.29290104       0.00000000    
          16  -6.22460556       0.00000000    
          17  -6.15631008       0.00000000    
          18  -6.08801460       0.00000000    
          19  -6.01971912       0.00000000    
          20  -5.95142365       0.00000000    
          21  -5.88312769       0.00000000    
          22  -5.81483221       0.00000000    
          23  -5.74653673       0.00000000    
          24  -5.67824125       0.00000000    
          25  -5.60994577       0.00000000    
          26  -5.54165030       0.00000000    
          27  -5.47335482       0.00000000    
          28  -5.40505934       0.00000000    
          29  -5.33676386       0.00000000    
          30  -5.26846838       0.00000000    
          31  -5.20017290       0.00000000    
          32  -5.13187742       0.00000000    
          33  -5.06358194       0.00000000    
          34  -4.99528646       0.00000000    
          35  -4.92699099       0.00000000    
          36  -4.85869551       0.00000000    
          37  -4.79040003       0.00000000    
          38  -4.72210455       0.00000000    
          39  -4.65380907       0.00000000    
          40  -4.58551359       0.00000000    
          41  -4.51721764       0.00000000    
          42  -4.44892216       0.00000000    
          43  -4.38062668       0.00000000    
          44  -4.31233120       0.00000000    
          45  -4.24403572       0.00000000    
          46  -4.17574024       0.00000000    
          47  -4.10744476       0.00000000    
          48  -4.03914928       0.00000000    
          49  -3.97085404       0.00000000    
          50  -3.90255857       0.00000000    
          51  -3.83426309       0.00000000    
          52  -3.76596761       0.00000000    
          53  -3.69767213       0.00000000    
          54  -3.62937665       0.00000000    
          55  -3.56108117       0.00000000    
          56  -3.49278569       0.00000000    
          57  -3.42448997       0.00000000    
          58  -3.35619450       0.00000000    
          59  -3.28789902       0.00000000    
          60  -3.21960354       0.00000000    
          61  -3.15130806       0.00000000    
          62  -3.08301258       0.00000000    
          63  -3.01471710       0.00000000    
          64  -2.94642162       0.00000000    
          65  -2.87812614       0.00000000    
          66  -2.80983067       0.00000000    
          67  -2.74153519       0.00000000    
          68  -2.67323971       0.00000000    
          69  -2.60494423       0.00000000    
          70  -2.53664875       0.00000000    
          71  -2.46835327       0.00000000    
          72  -2.40005779       0.00000000    
          73  -2.33176231       0.00000000    
          74  -2.26346684       0.00000000    
          75  -2.19517136       0.00000000    
          76  -2.12687588       0.00000000    
          77  -2.05858040       0.00000000    
          78  -1.99028492       0.00000000    
          79  -1.92198944       0.00000000    
          80  -1.85369396       0.00000000    
          81  -1.78539801       0.00000000    
          82  -1.71710253       0.00000000    
          83  -1.64880705       0.00000000    
          84  -1.58051157       0.00000000    
          85  -1.51221609       0.00000000    
          86  -1.44392061       0.00000000    
          87  -1.37562513       0.00000000    
          88  -1.30732965       0.00000000    
          89  -1.23903418       0.00000000    
          90  -1.17073870       0.00000000    
          91  -1.10244322       0.00000000    
          92  -1.03414774       0.00000000    
          93 -0.999402940       3.45508568E-02
          94 -0.994630814      0.103486829    
          95 -0.985378146      0.170381650    
          96 -0.971259058      0.238024846    
          97 -0.952979326      0.303035378    
          98 -0.929776490      0.368124545    
          99 -0.902810574      0.430038452    
         100 -0.870956659      0.491359860    
         101 -0.835807383      0.549022734    
         102 -0.795896351      0.605432928    
         103 -0.753219068      0.657769740    
         104 -0.705995142      0.708216667    
         105 -0.656585753      0.754251420    
         106 -0.604181945      0.796846390    
         107 -0.547709227      0.836668730    
         108 -0.489991158      0.871727407    
         109 -0.428619713      0.903485000    
         110 -0.366663575      0.930353582    
         111 -0.301537871      0.953454196    
         112 -0.236498922      0.971631765    
         113 -0.168833420      0.985644579    
         114 -0.101924367      0.994792163    
         115  -3.29806916E-02  0.999455988    
         116   3.29806916E-02  0.999455988    
         117  0.101924367      0.994792163    
         118  0.168833420      0.985644579    
         119  0.236498922      0.971631765    
         120  0.301537871      0.953454196    
         121  0.366663575      0.930353582    
         122  0.428619713      0.903485000    
         123  0.489991158      0.871727407    
         124  0.547709227      0.836668730    
         125  0.604181945      0.796846390    
         126  0.656585753      0.754251420    
         127  0.705995142      0.708216667    
         128  0.753219068      0.657769740    
         129  0.795896351      0.605432928    
         130  0.835807383      0.549022734    
         131  0.870956659      0.491359860    
         132  0.902810574      0.430038452    
         133  0.929776490      0.368124545    
         134  0.952979326      0.303035378    
         135  0.971259058      0.238024846    
         136  0.985378146      0.170381650    
         137  0.994630814      0.103486829    
         138  0.999402940       3.45508568E-02