Señal de amplitud 
T en el tiempo [logical] si T: se lee una columna, si F, se leen Re  Im
1024 n datos [int]
0.101809973
0.102139442
0.102840134
0.103167992
0.104389787
0.109019117
0.115246115
0.118370861
0.11976174
0.121425184
0.141421546
0.176178348
0.208715787
0.220247592
0.238313468
0.271598623
0.309855232
0.367219411
0.338150942
0.287856126
0.299280536
0.299038753
0.30674036
0.331799141
0.294397799
0.208548624
0.237862723
0.289046201
0.310849365
0.274614111
0.074723816
-0.015682395
0.038042035
0.161345829
0.248861175
0.172945426
0.251079128
0.270209844
-0.075535355
0.181374503
0.429448531
0.112753763
-0.043746142
-0.008823359
0.210079266
0.077006599
-0.070189445
-0.113452009
-0.159956738
-0.12377914
-0.084687164
-0.417316352
-0.705814074
-0.6568044
-1.00637505
-0.898283874
-0.207255787
-0.591075034
-0.657457391
-0.084912501
-0.209139543
-0.293269112
-0.232259494
-0.169561868
-0.147293071
-0.666852482
-1.872719949
-0.769343151
0.763842786
-0.106784651
-0.610035205
-1.025167726
-1.667764819
-0.112029238
0.770348889
-0.922337687
-2.145876158
-1.088268634
1.44077303
0.680813468
-1.015114362
0.112026897
-0.084099965
0.751410505
1.835513322
-0.147416188
-0.638347145
0.259600865
-0.071835512
-0.656191593
0.516789503
1.70983726
0.462287909
-0.241329722
0.537799982
0.839669389
1.894692106
0.320751107
-2.450957289
-1.90203292
-0.316869648
0.437648162
2.290493585
2.105203534
-2.103788514
-0.814591707
3.146564108
3.384747383
1.912320014
0.31654778
-0.534977276
-1.335967321
1.637679062
3.925219956
-0.340443562
-1.299054362
-1.310843288
-1.949334994
2.357592969
2.239982805
-0.139367289
-2.250050145
-2.263361147
2.536214464
2.565707547
0.807796656
-0.658054656
-1.775764983
3.209477597
4.02701124
-0.70587603
-0.822677204
1.137705405
3.161055403
2.416309749
2.566846643
3.030393468
1.923687135
-1.01114292
-4.426165439
-1.585469682
0.008526798
-0.139133623
2.308605969
4.365208833
-2.079744729
-3.715376881
4.460392798
0.916250386
-3.042403815
0.331695255
1.540911696
3.207667778
2.872283796
0.669275315
-0.204974128
0.179803373
-0.897436486
-1.99820218
-1.114198555
-1.045150462
-0.491634884
-3.000171484
0.667693765
1.383864738
-6.022476776
-1.508489393
1.090660467
-4.282689908
-2.812518597
3.521815431
-2.529259296
-6.385911773
3.342515684
3.373814923
-1.911715048
0.294826737
7.920989201
4.295242759
-2.912778669
-1.207862143
-2.453475433
-1.48224293
2.679798677
2.292163933
-2.569279473
-0.191585282
0.522017376
-1.100500292
2.446944824
-3.821485145
-4.957560259
1.929932759
0.929055158
2.545426982
4.138080284
0.785304673
3.152170643
-0.187937166
-5.798380366
3.256743784
3.92994466
-4.318859403
-6.234457884
-1.915935357
4.268734863
6.363525633
1.969880914
-5.517459117
-3.169699905
-2.144263078
4.556620493
5.255409164
-6.334757121
-3.336384031
-0.666921184
0.856185021
2.470863012
-2.363813378
-7.590914821
-8.587794253
1.832840174
5.34107366
2.180965794
3.018087366
-0.01477931
1.099919966
4.170485329
1.020896081
0.265044289
5.861957166
0.876647339
-14.44602064
-13.51507731
-0.263995587
4.186804417
4.486614801
4.158236161
-5.324927526
-5.853490526
5.942553646
4.990625127
5.042631963
2.079985634
-3.814655055
5.748709021
12.45260743
5.603034795
-6.767419615
-9.271246154
1.439662919
1.450890771
-1.235167977
2.93685403
-2.835071912
3.005465826
8.713266976
-3.935428355
-1.662371321
3.787799665
0.905029663
-2.995430871
-9.361317926
-1.878984406
11.5347187
12.23898058
-0.302653645
-8.683222091
-4.680016903
3.467340446
10.08625441
6.615918485
-10.24587144
-14.2108779
2.593768079
9.958687276
-3.720037345
-9.135331691
-5.029202597
2.361435193
13.84258104
-1.784697773
-11.00590486
1.719748795
3.955689769
-4.554092423
-1.266718131
10.10882972
5.810231998
-4.738308708
-10.17385724
-1.921079439
12.01237974
8.223085812
-6.522084932
-9.932302111
3.917383421
15.72930539
-1.153033325
-15.07447261
-3.046157665
0.396846628
-1.635961855
0.76336723
5.075592794
3.421125532
-8.831524581
-2.399008921
5.201374839
-0.022281722
0.702147128
-0.058126587
-5.11304773
-8.621846841
-3.783058971
2.490310864
6.598678167
1.26741554
-12.90963276
2.823122525
19.73000662
7.941421692
-0.186829647
1.424162261
1.099434109
-1.172376938
-0.287295969
-2.628079821
1.865273344
-2.662185014
-15.62358115
-12.15971399
4.094243036
7.585650059
-9.268060502
-0.655215076
9.569267918
0.433953655
5.299232933
1.640626929
-11.34103003
-13.12711136
4.090125172
21.27662384
6.316112912
-1.481888881
9.185929512
5.080464966
-3.830509698
2.282291077
-4.453831968
-11.05555368
14.88432991
14.50658746
-3.108732099
-3.86198619
-3.908436988
-1.834084789
-10.10219767
-17.94462511
-2.924612389
5.971173631
-10.83219528
1.561040613
13.5454011
-3.48451412
-8.273546393
-3.807162932
-5.152237396
-9.090893637
-3.035850648
-10.9352398
-7.632813083
4.009589917
-4.400860268
-0.96382402
3.554419583
-0.930656769
4.582600822
7.225185216
2.485182786
-3.039125942
-5.692135415
3.681262615
1.412479569
-2.678312194
24.67460152
15.72640629
-18.45052714
-10.91864116
-0.491057648
6.578595983
6.316854543
18.0109114
-2.46340021
-31.0950407
2.069686446
-2.72580569
-9.693999511
11.32472462
1.471096438
-6.787576922
3.597471018
6.968427521
9.533608929
8.607173006
0.03360681
-7.253134634
-1.669195206
7.279032537
3.468311058
-0.816530054
-0.992373365
2.655726563
1.183828912
5.183577
9.230891279
7.384741003
-8.995413773
-12.40929688
8.341306406
3.56104768
-10.89986433
-13.05016821
2.124817949
10.59413472
-4.940011878
1.708961214
7.505747514
-4.714169935
-3.907191363
-7.960812021
-12.47911645
-2.261076998
4.400273034
0.894135719
-7.232168616
-10.90187581
2.068441835
5.988042044
-2.296341848
-12.09586937
-10.1769695
7.110766456
1.118496756
-7.43340349
-7.227541724
0.527718413
-0.355082828
-5.50296326
4.800125818
-2.103557665
-5.644633176
-2.998987948
4.252008919
8.425707543
-8.811113796
-25.03573892
-1.047506346
20.20224582
-0.282083342
-0.110749023
6.757030105
11.77013382
16.43905066
6.551809168
6.174658919
7.362214234
11.04699734
6.717739326
-11.84819504
-1.545934203
2.148333961
-11.24450768
-0.824793505
3.989636516
-5.970085228
-7.211799231
-1.895267347
0.77628678
6.740030124
3.085637416
-0.126591965
3.957448556
4.038749204
4.427951215
-4.506396188
-1.458768991
-2.747279824
-13.08177017
-0.169740816
4.495086634
-6.334879477
-0.068981317
12.48227323
6.341436341
11.92265602
4.898449919
-16.85521674
-9.113249831
8.078206892
3.531966996
-7.567583062
0.459888809
-6.652561688
0.292556576
21.96038796
11.00214904
0.125179185
-1.885574884
-0.185603393
1.810683126
-7.3629235
-4.136998095
7.149996265
5.468714966
2.225059826
-1.108144506
-3.95457536
-3.683903312
-3.369826105
-3.57070741
-8.843604942
-5.131979846
4.051538353
4.16744133
0.013075187
-6.229471378
-1.08651816
6.622770019
2.165835267
-5.662170676
-4.05783285
3.125281739
-3.211216436
-3.488753924
0.012940528
-2.239689256
4.69628012
-1.1910392
-4.140991197
2.778150027
1.531922908
-3.15993003
-1.624627242
1.551164664
-3.626690299
-3.748361192
-2.964380388
2.766308562
1.411257271
-6.80889383
-2.72878127
-2.0764312
1.091020729
9.690447226
9.170053449
0.875038762
-0.257521915
3.845368903
5.817195437
-1.358410812
-5.597966421
2.258179236
-5.366167758
-6.092318077
3.244529256
2.131413949
-2.281368529
-2.92358952
1.309863798
1.291181714
2.867905039
1.657899755
-2.135764193
0.185697082
6.560848134
8.187529152
2.256763016
1.88487616
-3.176891396
-5.000889257
8.921139167
6.586709998
-5.798123118
-5.132674562
3.589743308
4.326385133
-5.688889011
-1.648144171
0.952030362
-6.6519753
-1.059825768
5.267670241
-0.852720405
-5.582676883
3.317102737
3.521586306
-2.330633835
5.198206908
8.638561853
0.61793629
-1.53444649
-0.058733092
-1.836847855
-0.384963237
-0.297196144
0.349288418
-0.10175754
-2.129106694
0.25442317
4.414706255
1.588582822
-4.635202679
-4.252602605
0.470320117
1.170257365
0.279563562
3.653144258
2.221430072
-1.881826889
-1.308354342
0.196292687
3.968547342
3.823765358
-6.265193379
-6.534922171
0.742411636
3.438413417
3.248658933
-2.989983813
-5.60808683
-4.734760096
0.047305471
1.977972747
-0.66015959
-0.965073294
-2.5548987
-0.431460595
-1.905396792
-2.009872286
4.373419965
6.340170454
1.293660208
-0.239798528
4.286504819
1.424246501
-2.715253285
-1.106883658
-1.989883363
-2.713290206
0.06668136
1.801175611
2.556896648
2.915181025
2.594990648
2.05432989
-2.255801557
-2.392224121
3.826291205
1.192715612
-4.660668461
-4.289404773
-1.464798711
1.301424457
2.771900045
-1.937244935
-5.410710549
6.048484279
10.33318688
0.682380427
-1.007686901
0.236921625
-0.928621286
-0.108210923
-0.559733521
-4.263453865
-0.113727462
3.637288998
-2.00975821
-3.674780983
-1.120000481
1.786327563
-1.479326407
-2.951371705
0.352160027
1.656900157
1.868674884
-0.171861442
-2.609583839
-1.456776207
0.37911116
-0.893864643
3.022917358
4.146225391
-1.362600851
-3.13678337
-0.161478881
1.572552734
-0.625355288
0.940027051
0.607350165
-2.767386547
0.109302322
0.350280408
-1.111598567
0.490565445
0.14753253
-1.210732139
-0.601998428
0.523194516
0.422667848
1.118480487
-0.049481728
0.666252099
2.120659627
2.889800093
3.829168819
-1.086846885
0.550324865
1.915822562
-0.489689915
0.618869808
3.061876334
4.994257479
-1.202358586
0.506072836
2.538973072
-1.990279287
-0.014660711
2.050678401
0.111143896
-1.411180032
0.581662237
3.140640615
2.572457327
-0.339503201
-0.175907328
-0.988948211
-0.90476771
2.477539767
-0.238320756
-0.402581727
1.384337497
-0.738402175
1.407555926
2.330196442
-0.592992127
-0.641544292
1.015144531
-2.174565329
1.04000916
3.76525384
-3.34016103
-2.230813816
-0.319411532
-0.564909591
0.629203647
-0.217654088
1.050394917
1.036110179
0.215685177
-0.952581391
0.446830847
4.625697471
2.666023431
-2.461997668
-2.311551783
0.681594213
0.295588934
-0.804248664
0.063932765
-2.430481077
-4.694679345
-0.332295555
1.370996849
0.957591537
-0.336677559
-3.190010971
-1.087682516
1.056120131
1.830375281
0.886781574
0.019454313
0.311669511
-2.717061752
0.142595752
3.218418473
0.615667637
-0.75729238
-1.634603816
0.292739932
1.747054432
-0.050488838
-2.856035747
-2.666602509
-0.090642856
1.053145551
0.828805595
0.538815166
-0.359458125
-2.138495345
-2.085647136
1.378095467
1.381865509
-0.856486087
0.461297677
1.014827604
0.946850969
1.068377025
0.556255814
-0.980304082
-0.120232204
0.69200313
-0.422993986
0.222186422
1.392256055
1.157810472
-0.632275915
-0.834378045
0.018626888
0.224649608
-0.825517767
-0.87014737
-0.035949633
-0.078279939
0.965892222
0.563995969
0.236384322
1.480009205
0.944914749
0.448406463
1.280036294
1.126345469
0.07470311
-0.541674433
0.270296479
0.807259233
-0.519698364
-0.664044367
0.554837021
0.984087963
0.228558856
0.289518407
0.238494932
0.420104393
1.638139476
0.444754846
-1.427946073
-0.276862073
0.923850884
-0.854465769
-0.991617723
0.723193061
1.344191353
-0.210756794
-0.102799936
1.344485637
0.676627589
-0.097394376
0.107862556
0.545465284
-0.63929633
-1.112924264
-0.498145404
-0.804087147
-1.355906607
0.047897792
0.535942665
-0.241410177
0.682457348
-0.67235754
-1.098233928
1.848693958
0.977538964
-1.004368233
-0.580259396
0.258509788
1.449127777
1.083098296
0.355624324
0.13968119
-0.666168645
-0.580291945
0.709694091
0.204593454
-0.428559678
0.332936653
-0.528997418
-0.831379592
0.215628838
0.802124271
0.320978765
-0.429233639
-0.204080947
0.398987931
0.557254299
-0.163855756
0.152320728
0.664328691
0.079227161
-0.132936902
0.220545633
-0.236668791
-0.870207334
0.062967801
-0.014506665
-0.798872586
-0.593104471
-0.051295352
0.372334635
-0.373791159
-1.478326536
-0.660326284
0.338676812
-0.873117161
-1.78557235
-0.475761429
0.421138553
0.687148757
1.40540991
-0.175235312
-0.983423077
0.501967576
0.102188172
0.018116185
0.138743837
-0.793141819
-0.217344827
0.209379062
-0.436186795
-0.747577282
0.108371336
0.545761045
-0.30069089
-0.681001751
0.085395059
0.647866493
0.199882914
-0.59399344
-0.750746395
0.150543296
0.385000872
-0.088279679
-0.867758339
-1.190262856
-0.213142447
0.542748552
0.451840596
-0.04052402
-0.044920959
0.197362472
0.089990109
0.038453922
-0.093085508
-0.429151902
-0.653328422
-0.462007499
-0.65362969
-0.478018546
0.444865881
0.558272944
-0.515796655
-0.138000778
1.249598385
0.355533435
-0.093849943
0.427569692
0.270970629
0.333771058
0.437817874
-0.198940106
-0.877625011
0.261871738
0.597024766
-0.567518754
-0.203827574
0.351019208
0.39939656
0.375299866
-0.088414283
0.004266584
0.248381493
-0.304295086
-0.003625424
0.687888373
0.015774769
-0.357321854
-0.155738688
-0.172860454
0.224484687
0.253523245
-0.037067167
-0.031566064
-0.082531586
0.130901244
0.122979146
-0.06674346
0.009500498
-0.125805302
0.011779773
0.271393356
0.01352699
-0.206085111
-0.183303035
0.030307206
0.117570232
0.02043781
0.098281848
0.147484935
0.034568679
-0.004647185
0.041008585
0.038880553
0.076103095
0.092071179
0.034373509
0.023876424
0.058799366
0.067985842
0.062496168
0.059600057
0.060995278
0.061697593


