-- esfera 0.05
1280
 0.02981  -0.0567  -0.9964 -0.02279  0.07015   0.9973  0.04646
  0.7235  -0.4731   -0.499  -0.7255   0.4735   0.4994  0.04646
-0.05962  -0.0567  -0.9964  0.05967  0.04335   0.9973  0.04646
-0.05962   0.0567  -0.9964  0.05967 -0.04335   0.9973  0.04646
 0.02981   0.0567  -0.9964 -0.02279 -0.07015   0.9973  0.04646
  0.7591  -0.4731  -0.4174  -0.7711   0.4735   0.4256  0.04646
 -0.2189   -0.879  -0.4174   0.2121   0.8797   0.4256  0.04646
 -0.9014  -0.0567  -0.4174   0.9022  0.07015   0.4256  0.04646
 -0.3268   0.8289  -0.4174   0.3455  -0.8363   0.4256  0.04646
   0.681   0.5649  -0.4174  -0.6887   -0.587   0.4256  0.04646
  0.7533  -0.5473  -0.4025  -0.7483   0.5437     0.38  0.04646
 -0.2877   -0.879  -0.4025   0.2858   0.8797     0.38  0.04646
 -0.9128 3.725e-09  -0.4025    0.925     -0.0     0.38  0.04646
 -0.2877    0.879  -0.4025   0.2858  -0.8797     0.38  0.04646
  0.7533   0.5473  -0.4025  -0.7483  -0.5437     0.38  0.04646
  0.3176  -0.8223    0.499  -0.3086   0.8096  -0.4994  0.04646
  -0.681  -0.5473    0.499   0.6746   0.5437  -0.4994  0.04646
 -0.7235   0.4731    0.499   0.7255  -0.4735  -0.4994  0.04646
  0.2189   0.8289    0.499  -0.2262  -0.8363  -0.4994  0.04646
  0.8646   0.0567   0.4989  -0.8653 -0.04335  -0.4994  0.04646
 0.05962   0.0567   0.9964 -0.05967 -0.04335  -0.9973  0.04646
  0.1852  0.06037   0.9804  -0.1854 -0.04329  -0.9817  0.05081
  0.3204  0.06326   0.9445   -0.321 -0.04289  -0.9461   0.0543
  0.4577  0.06487   0.8858  -0.4586 -0.04254  -0.8876  0.05626
  0.5876  0.06487   0.8055  -0.5888 -0.04254  -0.8072  0.05626
  0.7014  0.06326    0.709  -0.7027 -0.04289  -0.7102   0.0543
  0.7941  0.06038   0.6041  -0.7951 -0.04329  -0.6049  0.05081
  0.1015  0.06037   0.9858  -0.1045 -0.07592  -0.9916  0.04951
  0.1015   0.1761   0.9804 -0.09847   -0.163  -0.9817  0.05081
  0.2367  0.06326   0.9609  -0.2399 -0.08291  -0.9672  0.05368
  0.2367   0.1869   0.9609  -0.2339  -0.1699  -0.9573  0.05526
  0.1464   0.1869   0.9609   -0.153  -0.2026  -0.9672  0.05368
  0.1464   0.3047   0.9445    -0.14   -0.292  -0.9461   0.0543
  0.3793  0.06487    0.913  -0.3829 -0.08795  -0.9196   0.0566
  0.3793   0.1947    0.913  -0.3768  -0.1745  -0.9097  0.05839
  0.2885   0.1947   0.9188  -0.2955  -0.2147  -0.9309  0.05766
  0.2885   0.3211    0.913  -0.2824  -0.3045  -0.9097  0.05839
  0.1916   0.3211    0.913   -0.202   -0.337  -0.9196   0.0566
  0.1916   0.4353   0.8858  -0.1822   -0.423  -0.8876  0.05626
  0.5196  0.06487   0.8407  -0.5236 -0.08981  -0.8472  0.05766
  0.5196   0.1981   0.8407  -0.5175   -0.176  -0.8374  0.05953
  0.4343   0.1981   0.8572  -0.4416  -0.2215  -0.8694  0.05992
  0.4343   0.3312   0.8572  -0.4285  -0.3113  -0.8482  0.06072
  0.3364   0.3312   0.8572  -0.3472  -0.3515  -0.8694  0.05992
  0.3364   0.4541   0.8407  -0.3273  -0.4378  -0.8374  0.05953
  0.2337   0.4541   0.8407  -0.2472  -0.4702  -0.8472  0.05766
  0.2337   0.5588   0.8055  -0.2224  -0.5468  -0.8072  0.05626
   0.647  0.06487   0.7476  -0.6513 -0.08795  -0.7537   0.0566
   0.647   0.1947   0.7476  -0.6451  -0.1745  -0.7439  0.05839
  0.5725   0.1981   0.7718  -0.5801  -0.2215  -0.7838  0.05992
  0.5725   0.3312   0.7718   -0.567  -0.3113  -0.7626  0.06072
    0.48    0.333   0.7766  -0.4911  -0.3568  -0.7947  0.06113
    0.48   0.4627   0.7718  -0.4713  -0.4431  -0.7626  0.06072
  0.3761   0.4627   0.7718    -0.39  -0.4833  -0.7838  0.05992
  0.3761   0.5758   0.7476  -0.3653  -0.5596  -0.7439  0.05839
  0.2696   0.5758   0.7476  -0.2849  -0.5922  -0.7537   0.0566
  0.2696   0.6671    0.709  -0.2579   -0.655  -0.7102   0.0543
  0.7536  0.06326   0.6414  -0.7578 -0.08291  -0.6472  0.05368
  0.7536   0.1869   0.6414  -0.7516  -0.1699  -0.6373  0.05526
  0.6928   0.1947    0.669  -0.7005  -0.2147  -0.6806  0.05766
  0.6928   0.3211    0.669  -0.6874  -0.3045  -0.6594  0.05839
   0.611   0.3312   0.6816  -0.6224  -0.3515  -0.6993  0.05992
   0.611   0.4541   0.6816  -0.6026  -0.4378  -0.6673  0.05953
  0.5125   0.4627   0.6816  -0.5267  -0.4833  -0.6993  0.05992
  0.5125   0.5758    0.669   -0.502  -0.5596  -0.6594  0.05839
  0.4051   0.5792    0.669  -0.4206  -0.5999  -0.6806  0.05766
  0.4051   0.6785   0.6414  -0.3939  -0.6623  -0.6373  0.05526
  0.2976   0.6785   0.6414   -0.313  -0.6951  -0.6472  0.05368
  0.2976   0.7552   0.6041  -0.2869  -0.7428  -0.6049  0.05082
  0.8363  0.06038   0.5317  -0.8402 -0.07592  -0.5369  0.04951
  0.8363   0.1761   0.5317   -0.834   -0.163  -0.5271  0.05081
  0.7892   0.1869   0.5583  -0.7967  -0.2026  -0.5694  0.05368
  0.7892   0.3047   0.5583  -0.7836   -0.292  -0.5483   0.0543
   0.721   0.3211   0.5748  -0.7322   -0.337  -0.5919   0.0566
   0.721   0.4353   0.5748  -0.7124   -0.423  -0.5599  0.05626
   0.633   0.4541   0.5778  -0.6472  -0.4702     -0.6  0.05766
   0.633   0.5588   0.5748  -0.6225  -0.5468  -0.5599  0.05626
   0.531   0.5758   0.5748  -0.5468  -0.5922  -0.5919   0.0566
   0.531   0.6671   0.5583  -0.5199   -0.655  -0.5483   0.0543
  0.4232   0.6785   0.5583  -0.4388  -0.6951  -0.5694  0.05368
  0.4232   0.7552   0.5317  -0.4127  -0.7428  -0.5271  0.05082
  0.3176   0.7592   0.5317  -0.3318  -0.7756  -0.5369  0.04951
  0.3176   0.8223    0.499  -0.3086  -0.8096  -0.4994  0.04646
-0.02981   0.0567   0.9964  0.02279 -0.07015  -0.9973  0.04646
0.007062   0.1761   0.9804 -0.01614  -0.1897  -0.9817  0.05081
  0.0475   0.3047   0.9445 -0.05839  -0.3185  -0.9461   0.0543
 0.08928   0.4353   0.8858  -0.1013  -0.4493  -0.8876  0.05626
  0.1295   0.5588   0.8055  -0.1415  -0.5731  -0.8072  0.05626
  0.1654   0.6671    0.709  -0.1763  -0.6815  -0.7102   0.0543
  0.1953   0.7578   0.6041  -0.2045  -0.7696  -0.6049  0.05081
-0.02981   0.1327   0.9858  0.03992  -0.1228  -0.9916  0.04951
 -0.1333   0.1327   0.9804   0.1246   -0.144  -0.9817  0.05081
0.007062   0.2633   0.9609 0.004707  -0.2538  -0.9672  0.05368
-0.09977   0.2633   0.9609  0.08933  -0.2749  -0.9573  0.05526
 -0.1333   0.2153   0.9609   0.1454  -0.2081  -0.9672  0.05368
 -0.2447   0.2153   0.9445   0.2345  -0.2234  -0.9461   0.0543
  0.0475   0.4003    0.913 -0.03468  -0.3913  -0.9196   0.0566
-0.06105   0.4003    0.913  0.04947  -0.4123  -0.9097  0.05839
-0.09977   0.3541   0.9188   0.1129  -0.3473  -0.9309  0.05766
 -0.2136   0.3541    0.913   0.2023  -0.3626  -0.9097  0.05839
 -0.2447   0.2997    0.913   0.2581  -0.2962  -0.9196   0.0566
 -0.3571   0.2997   0.8858    0.346   -0.304  -0.8876  0.05626
 0.08928   0.5342   0.8407 -0.07639  -0.5257  -0.8472  0.05766
-0.01926   0.5342   0.8407 0.007498  -0.5466  -0.8374  0.05953
-0.06105   0.4948   0.8572  0.07423  -0.4885  -0.8694  0.05992
 -0.1751   0.4948   0.8572   0.1637  -0.5037  -0.8482  0.06072
 -0.2136   0.4418   0.8572   0.2271  -0.4388  -0.8694  0.05992
 -0.3263   0.4418   0.8407   0.3152  -0.4466  -0.8374  0.05953
 -0.3571   0.3797   0.8407   0.3708  -0.3804  -0.8472  0.05766
 -0.4623   0.3797   0.8055   0.4513  -0.3805  -0.8072  0.05626
  0.1295   0.6549   0.7476  -0.1176  -0.6466  -0.7537   0.0566
 0.02256   0.6549   0.7476 -0.03343  -0.6675  -0.7439  0.05839
-0.01926   0.6262   0.7718  0.03143  -0.6202  -0.7838  0.05992
 -0.1314   0.6262   0.7718   0.1209  -0.6355  -0.7626  0.06072
 -0.1751     0.58   0.7766   0.1876  -0.5773  -0.7947  0.06113
 -0.2859     0.58   0.7718   0.2757  -0.5852  -0.7626  0.06072
 -0.3263   0.5191   0.7718   0.3391  -0.5202  -0.7838  0.05992
 -0.4294   0.5191   0.7476   0.4194  -0.5203  -0.7439  0.05839
 -0.4623   0.4496   0.7476   0.4752  -0.4539  -0.7537   0.0566
 -0.5533   0.4496    0.709   0.5433  -0.4477  -0.7102   0.0543
  0.1654    0.755   0.6414  -0.1553  -0.7463  -0.6472  0.05368
 0.06149    0.755   0.6414 -0.07066  -0.7674  -0.6373  0.05526
 0.02256   0.7386    0.669 -0.01231  -0.7326  -0.6806  0.05766
-0.08609   0.7386    0.669  0.07718  -0.7478  -0.6594  0.05839
 -0.1314    0.703   0.6816    0.142  -0.7005  -0.6993  0.05992
 -0.2387    0.703   0.6816   0.2302  -0.7084  -0.6673  0.05953
 -0.2859   0.6488   0.6816   0.2969  -0.6502  -0.6993  0.05992
 -0.3854   0.6488    0.669   0.3771  -0.6504  -0.6594  0.05839
 -0.4294   0.5807    0.669   0.4406  -0.5854  -0.6806  0.05766
 -0.5165   0.5807   0.6414   0.5082  -0.5793  -0.6373  0.05526
 -0.5533   0.5057   0.6414   0.5644  -0.5125  -0.6472  0.05368
 -0.6262   0.5057   0.6041   0.6178  -0.5024  -0.6049  0.05081
  0.1953   0.8289   0.5317  -0.1874  -0.8225  -0.5369  0.04951
 0.09555   0.8317   0.5317  -0.1027  -0.8436  -0.5271  0.05081
 0.06149   0.8266   0.5583 -0.05353  -0.8203  -0.5694  0.05368
-0.04246   0.8266   0.5583  0.03557  -0.8355  -0.5483   0.0543
-0.08609   0.8031   0.5748  0.09425  -0.8005  -0.5919   0.0566
 -0.1887   0.8031   0.5748   0.1822  -0.8083  -0.5599  0.05626
 -0.2387   0.7595   0.5778   0.2472  -0.7608     -0.6  0.05766
 -0.3339   0.7595   0.5748   0.3277   -0.761  -0.5599  0.05626
 -0.3854   0.6982   0.5748   0.3943   -0.703  -0.5919   0.0566
 -0.4685   0.6982   0.5583   0.4623  -0.6968  -0.5483   0.0543
 -0.5165   0.6251   0.5583   0.5255  -0.6322  -0.5694  0.05368
 -0.5852   0.6251   0.5317   0.5789  -0.6221  -0.5271  0.05081
 -0.6262   0.5473   0.5317   0.6351  -0.5553  -0.5369  0.04951
  -0.681   0.5473    0.499   0.6746  -0.5437  -0.4994  0.04646
-0.04824      0.0   0.9964  0.07376      0.0  -0.9973  0.04646
  -0.151  0.07381   0.9804   0.1755 -0.07398  -0.9817  0.05081
  -0.263   0.1536   0.9445   0.2849   -0.154  -0.9461   0.0543
 -0.3783   0.2347   0.8858    0.396  -0.2352  -0.8876  0.05626
 -0.4886   0.3111   0.8055   0.5013  -0.3117  -0.8072  0.05626
 -0.5856   0.3778    0.709   0.5937  -0.3783  -0.7102   0.0543
 -0.6643   0.4319   0.6041   0.6687  -0.4323  -0.6049  0.05081
  -0.151      0.0   0.9858   0.1292      0.0  -0.9916  0.04951
  -0.151 -0.07381   0.9804   0.1755  0.07398  -0.9817  0.05081
  -0.263  0.07381   0.9609   0.2428 -0.07396  -0.9672  0.05368
 -0.2641 -7.451e-09   0.9609   0.2891      0.0  -0.9573  0.05526
  -0.263 -0.07381   0.9609   0.2428  0.07396  -0.9672  0.05368
  -0.263  -0.1536   0.9445   0.2849    0.154  -0.9461   0.0543
 -0.3783   0.1536    0.913   0.3615  -0.1539  -0.9196   0.0566
  -0.385  0.08018    0.913   0.4074 -0.08037  -0.9097  0.05839
  -0.385 -7.451e-09   0.9188   0.3652      0.0  -0.9309  0.05766
  -0.385 -0.08018    0.913   0.4074  0.08037  -0.9097  0.05839
 -0.3783  -0.1536    0.913   0.3615   0.1539  -0.9196   0.0566
 -0.3783  -0.2347   0.8858    0.396   0.2352  -0.8876  0.05626
 -0.4886   0.2347   0.8407   0.4764  -0.2351  -0.8472  0.05766
  -0.504   0.1614   0.8407   0.5221  -0.1618  -0.8374  0.05953
  -0.504  0.08018   0.8572   0.4875 -0.08035  -0.8694  0.05992
 -0.5069 -7.451e-09   0.8572   0.5297      0.0  -0.8482  0.06072
  -0.504 -0.08018   0.8572   0.4875  0.08035  -0.8694  0.05992
  -0.504  -0.1614   0.8407   0.5221   0.1618  -0.8374  0.05953
 -0.4886  -0.2347   0.8407   0.4764   0.2351  -0.8472  0.05766
 -0.4886  -0.3111   0.8055   0.5013   0.3117  -0.8072  0.05626
 -0.5856   0.3111   0.7476   0.5786  -0.3116  -0.7537   0.0566
 -0.6113   0.2376   0.7476   0.6245  -0.2381  -0.7439  0.05839
 -0.6113   0.1614   0.7718   0.5996  -0.1618  -0.7838  0.05992
 -0.6232  0.08123   0.7718   0.6417 -0.08141  -0.7626  0.06072
 -0.6232 -7.451e-09   0.7766   0.6071      0.0  -0.7947  0.06113
 -0.6232 -0.08123   0.7718   0.6417  0.08141  -0.7626  0.06072
 -0.6113  -0.1614   0.7718   0.5996   0.1618  -0.7838  0.05992
 -0.6113  -0.2376   0.7476   0.6245   0.2381  -0.7439  0.05839
 -0.5856  -0.3111   0.7476   0.5786   0.3116  -0.7537   0.0566
 -0.5856  -0.3778    0.709   0.5937   0.3783  -0.7102   0.0543
 -0.6643   0.3778   0.6414   0.6618  -0.3784  -0.6472  0.05368
 -0.6996   0.3039   0.6414    0.708  -0.3043  -0.6373  0.05526
 -0.6996   0.2376    0.669   0.6929  -0.2381  -0.6806  0.05766
 -0.7217   0.1574    0.669   0.7351  -0.1577  -0.6594  0.05839
 -0.7217  0.08123   0.6816   0.7101 -0.08142  -0.6993  0.05992
 -0.7262      0.0   0.6816   0.7448      0.0  -0.6673  0.05953
 -0.7217 -0.08123   0.6816   0.7101  0.08142  -0.6993  0.05992
 -0.7217  -0.1574    0.669   0.7351   0.1577  -0.6594  0.05839
 -0.6996  -0.2376    0.669   0.6929   0.2381  -0.6806  0.05766
 -0.6996  -0.3039   0.6414    0.708   0.3043  -0.6373  0.05526
 -0.6643  -0.3778   0.6414   0.6618   0.3784  -0.6472  0.05368
 -0.6643  -0.4319   0.6041   0.6687   0.4323  -0.6049  0.05081
 -0.7235   0.4319   0.5317   0.7244  -0.4324  -0.5369  0.04951
 -0.7659   0.3579   0.5317   0.7705  -0.3584  -0.5271  0.05081
 -0.7659   0.3039   0.5583   0.7636  -0.3044  -0.5694  0.05368
  -0.797    0.224   0.5583   0.8056  -0.2244  -0.5483   0.0543
  -0.797   0.1574   0.5748   0.7904  -0.1577  -0.5919   0.0566
 -0.8116  0.07635   0.5748    0.825  -0.0765  -0.5599  0.05626
 -0.8116      0.0   0.5778      0.8      0.0     -0.6  0.05766
 -0.8116 -0.07635   0.5748    0.825   0.0765  -0.5599  0.05626
  -0.797  -0.1574   0.5748   0.7904   0.1577  -0.5919   0.0566
  -0.797   -0.224   0.5583   0.8056   0.2244  -0.5483   0.0543
 -0.7659  -0.3039   0.5583   0.7636   0.3044  -0.5694  0.05368
 -0.7659  -0.3579   0.5317   0.7705   0.3584  -0.5271  0.05081
 -0.7235  -0.4319   0.5317   0.7244   0.4324  -0.5369  0.04951
 -0.7235  -0.4731    0.499   0.7255   0.4735  -0.4994  0.04646
-0.02981  -0.0567   0.9964  0.02279  0.07015  -0.9973  0.04646
 -0.1333  -0.1327   0.9804   0.1246    0.144  -0.9817  0.05081
 -0.2447  -0.2153   0.9445   0.2345   0.2234  -0.9461   0.0543
 -0.3571  -0.2997   0.8858    0.346    0.304  -0.8876  0.05626
 -0.4623  -0.3797   0.8055   0.4513   0.3805  -0.8072  0.05626
 -0.5533  -0.4496    0.709   0.5433   0.4477  -0.7102   0.0543
 -0.6262  -0.5057   0.6041   0.6178   0.5024  -0.6049  0.05081
-0.02981  -0.1327   0.9858  0.03992   0.1228  -0.9916  0.04951
0.007062  -0.1761   0.9804 -0.01614   0.1897  -0.9817  0.05081
 -0.1333  -0.2153   0.9609   0.1454   0.2081  -0.9672  0.05368
-0.09977  -0.2633   0.9609  0.08933   0.2749  -0.9573  0.05526
0.007062  -0.2633   0.9609 0.004707   0.2538  -0.9672  0.05368
  0.0475  -0.3047   0.9445 -0.05839   0.3185  -0.9461   0.0543
 -0.2447  -0.2997    0.913   0.2581   0.2962  -0.9196   0.0566
 -0.2136  -0.3541    0.913   0.2023   0.3626  -0.9097  0.05839
-0.09977  -0.3541   0.9188   0.1129   0.3473  -0.9309  0.05766
-0.06105  -0.4003    0.913  0.04947   0.4123  -0.9097  0.05839
  0.0475  -0.4003    0.913 -0.03468   0.3913  -0.9196   0.0566
 0.08928  -0.4353   0.8858  -0.1013   0.4493  -0.8876  0.05626
 -0.3571  -0.3797   0.8407   0.3708   0.3804  -0.8472  0.05766
 -0.3263  -0.4418   0.8407   0.3152   0.4466  -0.8374  0.05953
 -0.2136  -0.4418   0.8572   0.2271   0.4388  -0.8694  0.05992
 -0.1751  -0.4948   0.8572   0.1637   0.5037  -0.8482  0.06072
-0.06105  -0.4948   0.8572  0.07423   0.4885  -0.8694  0.05992
-0.01926  -0.5342   0.8407 0.007499   0.5466  -0.8374  0.05953
 0.08928  -0.5342   0.8407 -0.07639   0.5257  -0.8472  0.05766
  0.1295  -0.5588   0.8055  -0.1415   0.5731  -0.8072  0.05626
 -0.4623  -0.4496   0.7476   0.4752   0.4539  -0.7537   0.0566
 -0.4294  -0.5191   0.7476   0.4194   0.5203  -0.7439  0.05839
 -0.3263  -0.5191   0.7718   0.3391   0.5202  -0.7838  0.05992
 -0.2859    -0.58   0.7718   0.2757   0.5852  -0.7626  0.06072
 -0.1751    -0.58   0.7766   0.1876   0.5773  -0.7947  0.06113
 -0.1314  -0.6262   0.7718   0.1209   0.6355  -0.7626  0.06072
-0.01926  -0.6262   0.7718  0.03143   0.6202  -0.7838  0.05992
 0.02256  -0.6549   0.7476 -0.03343   0.6675  -0.7439  0.05839
  0.1295  -0.6549   0.7476  -0.1176   0.6466  -0.7537   0.0566
  0.1654  -0.6671    0.709  -0.1763   0.6815  -0.7102   0.0543
 -0.5533  -0.5057   0.6414   0.5644   0.5125  -0.6472  0.05368
 -0.5165  -0.5807   0.6414   0.5082   0.5793  -0.6373  0.05526
 -0.4294  -0.5807    0.669   0.4406   0.5854  -0.6806  0.05766
 -0.3854  -0.6488    0.669   0.3771   0.6504  -0.6594  0.05839
 -0.2859  -0.6488   0.6816   0.2969   0.6502  -0.6993  0.05992
 -0.2387   -0.703   0.6816   0.2302   0.7084  -0.6673  0.05953
 -0.1314   -0.703   0.6816    0.142   0.7005  -0.6993  0.05992
-0.08609  -0.7386    0.669  0.07718   0.7478  -0.6594  0.05839
 0.02256  -0.7386    0.669 -0.01231   0.7326  -0.6806  0.05766
 0.06149   -0.755   0.6414 -0.07066   0.7674  -0.6373  0.05526
  0.1654   -0.755   0.6414  -0.1553   0.7463  -0.6472  0.05368
  0.1953  -0.7578   0.6041  -0.2045   0.7696  -0.6049  0.05081
 -0.6262  -0.5473   0.5317   0.6351   0.5553  -0.5369  0.04951
 -0.5852  -0.6251   0.5317   0.5789   0.6221  -0.5271  0.05081
 -0.5165  -0.6251   0.5583   0.5255   0.6322  -0.5694  0.05368
 -0.4685  -0.6982   0.5583   0.4623   0.6968  -0.5483   0.0543
 -0.3854  -0.6982   0.5748   0.3943    0.703  -0.5919   0.0566
 -0.3339  -0.7595   0.5748   0.3277    0.761  -0.5599  0.05626
 -0.2387  -0.7595   0.5778   0.2472   0.7608     -0.6  0.05766
 -0.1887  -0.8031   0.5748   0.1822   0.8083  -0.5599  0.05626
-0.08609  -0.8031   0.5748  0.09425   0.8005  -0.5919   0.0566
-0.04246  -0.8266   0.5583  0.03557   0.8355  -0.5483   0.0543
 0.06149  -0.8266   0.5583 -0.05353   0.8203  -0.5694  0.05368
 0.09555  -0.8317   0.5317  -0.1027   0.8436  -0.5271  0.05081
  0.1953  -0.8289   0.5317  -0.1874   0.8225  -0.5369  0.04951
  0.2189  -0.8289    0.499  -0.2262   0.8363  -0.4994  0.04646
 0.05962  -0.0567   0.9964 -0.05967  0.04335  -0.9973  0.04646
  0.1015  -0.1761   0.9804 -0.09847    0.163  -0.9817  0.05081
  0.1464  -0.3047   0.9445    -0.14    0.292  -0.9461   0.0543
  0.1916  -0.4353   0.8858  -0.1822    0.423  -0.8876  0.05626
  0.2337  -0.5588   0.8055  -0.2224   0.5468  -0.8072  0.05626
  0.2696  -0.6671    0.709  -0.2579    0.655  -0.7102   0.0543
  0.2976  -0.7552   0.6041  -0.2869   0.7428  -0.6049  0.05082
  0.1015 -0.06037   0.9858  -0.1045  0.07592  -0.9916  0.04951
  0.1852 -0.06037   0.9804  -0.1854  0.04329  -0.9817  0.05081
  0.1464  -0.1869   0.9609   -0.153   0.2026  -0.9672  0.05368
  0.2367  -0.1869   0.9609  -0.2339   0.1699  -0.9573  0.05526
  0.2367 -0.06326   0.9609  -0.2399  0.08291  -0.9672  0.05368
  0.3204 -0.06326   0.9445   -0.321  0.04289  -0.9461   0.0543
  0.1916  -0.3211    0.913   -0.202    0.337  -0.9196   0.0566
  0.2885  -0.3211    0.913  -0.2824   0.3045  -0.9097  0.05839
  0.2885  -0.1947   0.9188  -0.2955   0.2147  -0.9309  0.05766
  0.3793  -0.1947    0.913  -0.3768   0.1745  -0.9097  0.05839
  0.3793 -0.06487    0.913  -0.3829  0.08795  -0.9196   0.0566
  0.4577 -0.06487   0.8858  -0.4586  0.04254  -0.8876  0.05626
  0.2337  -0.4541   0.8407  -0.2472   0.4702  -0.8472  0.05766
  0.3364  -0.4541   0.8407  -0.3273   0.4378  -0.8374  0.05953
  0.3364  -0.3312   0.8572  -0.3472   0.3515  -0.8694  0.05992
  0.4343  -0.3312   0.8572  -0.4285   0.3113  -0.8482  0.06072
  0.4343  -0.1981   0.8572  -0.4416   0.2215  -0.8694  0.05992
  0.5196  -0.1981   0.8407  -0.5175    0.176  -0.8374  0.05953
  0.5196 -0.06487   0.8407  -0.5236  0.08981  -0.8472  0.05766
  0.5876 -0.06487   0.8055  -0.5888  0.04254  -0.8072  0.05626
  0.2696  -0.5758   0.7476  -0.2849   0.5922  -0.7537   0.0566
  0.3761  -0.5758   0.7476  -0.3653   0.5596  -0.7439  0.05839
  0.3761  -0.4627   0.7718    -0.39   0.4833  -0.7838  0.05992
    0.48  -0.4627   0.7718  -0.4713   0.4431  -0.7626  0.06072
    0.48   -0.333   0.7766  -0.4911   0.3568  -0.7947  0.06113
  0.5725  -0.3312   0.7718   -0.567   0.3113  -0.7626  0.06072
  0.5725  -0.1981   0.7718  -0.5801   0.2215  -0.7838  0.05992
   0.647  -0.1947   0.7476  -0.6451   0.1745  -0.7439  0.05839
   0.647 -0.06487   0.7476  -0.6513  0.08795  -0.7537   0.0566
  0.7014 -0.06326    0.709  -0.7027  0.04289  -0.7102   0.0543
  0.2976  -0.6785   0.6414   -0.313   0.6951  -0.6472  0.05368
  0.4051  -0.6785   0.6414  -0.3939   0.6623  -0.6373  0.05526
  0.4051  -0.5792    0.669  -0.4206   0.5999  -0.6806  0.05766
  0.5125  -0.5758    0.669   -0.502   0.5596  -0.6594  0.05839
  0.5125  -0.4627   0.6816  -0.5267   0.4833  -0.6993  0.05992
   0.611  -0.4541   0.6816  -0.6026   0.4378  -0.6673  0.05953
   0.611  -0.3312   0.6816  -0.6224   0.3515  -0.6993  0.05992
  0.6928  -0.3211    0.669  -0.6874   0.3045  -0.6594  0.05839
  0.6928  -0.1947    0.669  -0.7005   0.2147  -0.6806  0.05766
  0.7536  -0.1869   0.6414  -0.7516   0.1699  -0.6373  0.05526
  0.7536 -0.06326   0.6414  -0.7578  0.08291  -0.6472  0.05368
  0.7941 -0.06038   0.6041  -0.7951  0.04328  -0.6049  0.05081
  0.3176  -0.7592   0.5317  -0.3318   0.7756  -0.5369  0.04951
  0.4232  -0.7552   0.5317  -0.4127   0.7428  -0.5271  0.05082
  0.4232  -0.6785   0.5583  -0.4388   0.6951  -0.5694  0.05368
   0.531  -0.6671   0.5583  -0.5199    0.655  -0.5483   0.0543
   0.531  -0.5758   0.5748  -0.5468   0.5922  -0.5919   0.0566
   0.633  -0.5588   0.5748  -0.6225   0.5468  -0.5599  0.05626
   0.633  -0.4541   0.5778  -0.6472   0.4702     -0.6  0.05766
   0.721  -0.4353   0.5748  -0.7124    0.423  -0.5599  0.05626
   0.721  -0.3211   0.5748  -0.7322    0.337  -0.5919   0.0566
  0.7892  -0.3047   0.5583  -0.7836    0.292  -0.5483   0.0543
  0.7892  -0.1869   0.5583  -0.7967   0.2026  -0.5694  0.05368
  0.8363  -0.1761   0.5317   -0.834    0.163  -0.5271  0.05081
  0.8363 -0.06038   0.5317  -0.8402  0.07592  -0.5369  0.04951
  0.8646  -0.0567   0.4989  -0.8653  0.04335  -0.4994  0.04646
  0.9014   0.0567   0.4174  -0.9022 -0.07015  -0.4256  0.04646
  0.9302   0.1327    0.316  -0.9338   -0.144  -0.3276  0.05081
  0.9431   0.2153    0.198  -0.9511  -0.2234  -0.2134   0.0543
  0.9418   0.2997   0.0682  -0.9487   -0.304 -0.08744  0.05626
  0.9219   0.3797 -0.06495  -0.9238  -0.3805  0.04271  0.05626
  0.8802   0.4496  -0.1905  -0.8782  -0.4477   0.1683   0.0543
  0.8216   0.5057  -0.3044  -0.8173  -0.5024   0.2821  0.05082
  0.9014   0.1327   0.4174  -0.9048  -0.1228  -0.4078  0.04951
  0.8674   0.1761   0.4416  -0.8708  -0.1897  -0.4535  0.05081
  0.9302   0.2153    0.316  -0.9301  -0.2081  -0.3025  0.05368
  0.8882   0.2633   0.3326  -0.8962  -0.2749  -0.3482  0.05526
  0.8674   0.2633   0.4416  -0.8672  -0.2538  -0.4284  0.05368
  0.8124   0.3047   0.4593  -0.8201  -0.3185  -0.4753   0.0543
  0.9418   0.2997    0.198  -0.9379  -0.2962  -0.1804   0.0566
  0.8917   0.3541   0.2064  -0.9041  -0.3626  -0.2259  0.05839
  0.8882   0.3541   0.3326  -0.8831  -0.3473  -0.3154  0.05766
  0.8221   0.4003   0.3428  -0.8358  -0.4123  -0.3626  0.05839
  0.8124   0.4003   0.4593   -0.807  -0.3913  -0.4423   0.0566
  0.7353   0.4353   0.4675  -0.7486  -0.4493  -0.4875  0.05626
  0.9219   0.3797   0.0682  -0.9236  -0.3804 -0.04721  0.05766
  0.8828   0.4418  0.07003  -0.8899  -0.4466 -0.09255  0.05953
  0.8828   0.4418   0.2064  -0.8792  -0.4388  -0.1857  0.05992
  0.8192   0.4948   0.2101  -0.8319  -0.5037  -0.2329  0.06072
  0.8192   0.4948   0.3428  -0.8108  -0.4885  -0.3224  0.05992
  0.7353   0.5342   0.3447  -0.7523  -0.5466  -0.3678  0.05953
  0.7353   0.5342   0.4675  -0.7236  -0.5257  -0.4472  0.05766
  0.6393   0.5588   0.4675  -0.6587  -0.5731  -0.4875  0.05626
  0.8802   0.4496 -0.06652  -0.8867   -0.454  0.08794   0.0566
  0.8509   0.5191 -0.06652  -0.8529  -0.5203  0.04242  0.05839
  0.8509   0.5191  0.07003  -0.8527  -0.5202 -0.04721  0.05992
  0.7983     0.58  0.07003  -0.8054  -0.5852 -0.09443  0.06072
  0.7983     0.58   0.2101  -0.7947  -0.5773  -0.1876  0.06113
  0.7237   0.6262   0.2101  -0.7362  -0.6355  -0.2329  0.06072
  0.7237   0.6262   0.3428  -0.7151  -0.6202  -0.3224  0.05992
  0.6337   0.6549   0.3428  -0.6504  -0.6675  -0.3626  0.05839
  0.6337   0.6549   0.4593  -0.6216  -0.6466  -0.4423   0.0566
  0.5372   0.6671   0.4593  -0.5564  -0.6815  -0.4754   0.0543
  0.8216   0.5057  -0.1935  -0.8312  -0.5125   0.2154  0.05368
  0.7993   0.5807  -0.1935  -0.7973  -0.5793   0.1696  0.05526
  0.7993   0.5807 -0.06652  -0.8058  -0.5854  0.08967  0.05766
  0.7567   0.6488 -0.06652  -0.7584  -0.6504  0.04242  0.05839
  0.7567   0.6488  0.07003  -0.7583  -0.6502 -0.04721  0.05992
   0.693    0.703  0.07003  -0.6998  -0.7084 -0.09255  0.05953
   0.693    0.703   0.2064   -0.689  -0.7005  -0.1857  0.05992
  0.6123   0.7386   0.2064  -0.6243  -0.7478  -0.2259  0.05839
  0.6123   0.7386   0.3326  -0.6032  -0.7326  -0.3154  0.05766
  0.5222    0.755   0.3326  -0.5384  -0.7674  -0.3482  0.05526
  0.5222    0.755   0.4416  -0.5094  -0.7464  -0.4284  0.05368
  0.4306   0.7578   0.4416  -0.4496  -0.7696  -0.4535  0.05082
  0.7533   0.5473  -0.3058  -0.7643  -0.5553   0.3279  0.04951
  0.7348   0.6251  -0.3044  -0.7304  -0.6221   0.2821  0.05082
  0.7348   0.6251  -0.1935  -0.7443  -0.6322   0.2154  0.05368
  0.6996   0.6982  -0.1905  -0.6972  -0.6968   0.1683   0.0543
  0.6996   0.6982 -0.06652  -0.7057   -0.703  0.08794   0.0566
   0.646   0.7595 -0.06495  -0.6473   -0.761  0.04271  0.05626
   0.646   0.7595  0.06821  -0.6472  -0.7608 -0.04721  0.05766
   0.576   0.8031  0.06821  -0.5823  -0.8083 -0.08744  0.05626
   0.576   0.8031    0.198  -0.5716  -0.8005  -0.1804   0.0566
  0.4949   0.8266    0.198  -0.5063  -0.8355  -0.2134   0.0543
  0.4949   0.8266    0.316  -0.4853  -0.8203  -0.3025  0.05368
  0.4097   0.8317    0.316  -0.4255  -0.8436  -0.3276  0.05082
  0.4097   0.8289   0.4174  -0.3964  -0.8225  -0.4078  0.04951
  0.3268   0.8289   0.4174  -0.3455  -0.8363  -0.4256  0.04646
  0.2189    0.879   0.4174  -0.2121  -0.8797  -0.4256  0.04646
  0.1573   0.9313    0.316  -0.1516  -0.9326  -0.3276  0.05082
 0.08546   0.9718    0.198 -0.08147  -0.9736  -0.2134   0.0543
0.006035   0.9941  0.06821 -0.00403  -0.9962 -0.08744  0.05626
-0.07625   0.9941 -0.06495  0.07641  -0.9962  0.04271  0.05626
 -0.1556   0.9718  -0.1905   0.1544  -0.9736   0.1683   0.0543
 -0.2271   0.9313  -0.3044   0.2252  -0.9326   0.2821  0.05082
  0.1573   0.8919   0.4174  -0.1628  -0.8985  -0.4078  0.04951
 0.09555   0.8919   0.4416 -0.08865  -0.8869  -0.4535  0.05082
 0.08546   0.9419    0.316 -0.08951  -0.9489  -0.3025  0.05368
 0.02132   0.9397   0.3326 -0.01545  -0.9373  -0.3482  0.05526
 0.02132    0.892   0.4416  -0.0266  -0.9032  -0.4284  0.05368
-0.04246   0.8811   0.4593  0.04951  -0.8784  -0.4754   0.0543
0.006035   0.9761    0.198 -0.008108  -0.9836  -0.1804   0.0566
-0.06125   0.9697   0.2064   0.0655   -0.972  -0.2259  0.05839
-0.06125   0.9397   0.3326  0.05744  -0.9472  -0.3154  0.05766
 -0.1277   0.9201   0.3428   0.1339  -0.9223  -0.3626  0.05839
 -0.1277   0.8811   0.4593   0.1228  -0.8884  -0.4423   0.0566
 -0.1887   0.8491   0.4675    0.196  -0.8508  -0.4875  0.05626
-0.07625   0.9942   0.0682  0.07639   -0.996 -0.04722  0.05766
 -0.1474   0.9761  0.07003   0.1497  -0.9844 -0.09255  0.05953
 -0.1474   0.9697   0.2064   0.1456  -0.9717  -0.1857  0.05992
 -0.2174   0.9384   0.2101    0.222  -0.9468  -0.2329  0.06072
 -0.2174   0.9201   0.3428    0.214  -0.9221  -0.3224  0.05992
 -0.2809   0.8763   0.3447   0.2874  -0.8844  -0.3678  0.05953
 -0.2809   0.8491   0.4675   0.2764  -0.8506  -0.4472  0.05766
 -0.3339    0.796   0.4675   0.3415  -0.8035  -0.4875  0.05626
 -0.1556   0.9761 -0.06652   0.1577  -0.9836  0.08794   0.0566
 -0.2308   0.9697 -0.06652   0.2313   -0.972  0.04243  0.05839
 -0.2308   0.9697  0.07003   0.2313  -0.9717 -0.04721  0.05992
 -0.3049   0.9384  0.07003   0.3076  -0.9468 -0.09443  0.06072
 -0.3049   0.9384   0.2101   0.3035  -0.9342  -0.1876  0.06113
 -0.3719   0.8818   0.2101   0.3769  -0.8965  -0.2329  0.06072
 -0.3719   0.8763   0.3428   0.3689  -0.8718  -0.3224  0.05992
 -0.4271   0.8106   0.3428   0.4338  -0.8248  -0.3626  0.05839
 -0.4271    0.796   0.4593   0.4228  -0.7909  -0.4423   0.0566
 -0.4685   0.7261   0.4593   0.4763  -0.7397  -0.4753   0.0543
 -0.2271   0.9419  -0.1935   0.2306  -0.9489   0.2154  0.05368
 -0.3053   0.9397  -0.1935   0.3045  -0.9373   0.1696  0.05526
 -0.3053   0.9397 -0.06652   0.3078  -0.9472  0.08967  0.05766
 -0.3833   0.9201 -0.06652   0.3842  -0.9223  0.04243  0.05839
 -0.3833   0.9201  0.07003   0.3841  -0.9221 -0.04721  0.05992
 -0.4545   0.8763  0.07003   0.4575  -0.8844 -0.09255  0.05953
 -0.4545   0.8763   0.2064   0.4533  -0.8718  -0.1857  0.05992
 -0.5132   0.8106   0.2064   0.5183  -0.8248  -0.2259  0.05839
 -0.5132   0.8106   0.3326   0.5103  -0.8001  -0.3154  0.05766
 -0.5567   0.7299   0.3326   0.5634  -0.7492  -0.3482  0.05526
 -0.5567   0.7261   0.4416   0.5524  -0.7151  -0.4284  0.05368
 -0.5852   0.6467   0.4416    0.593  -0.6654  -0.4535  0.05082
 -0.2877   0.8919  -0.3058   0.2919  -0.8985   0.3279  0.04951
 -0.3674   0.8919  -0.3044   0.3659  -0.8869   0.2821  0.05082
 -0.3674    0.892  -0.1935   0.3712  -0.9032   0.2154  0.05368
 -0.4478   0.8811  -0.1905   0.4473  -0.8784   0.1683   0.0543
 -0.4478   0.8811 -0.06652   0.4505  -0.8884  0.08794   0.0566
 -0.5227   0.8491 -0.06495   0.5237  -0.8508  0.04271  0.05626
 -0.5227   0.8491   0.0682   0.5236  -0.8507 -0.04721  0.05766
 -0.5858    0.796  0.06821   0.5888  -0.8035 -0.08744  0.05626
 -0.5858    0.796    0.198   0.5847  -0.7909  -0.1804   0.0566
 -0.6332   0.7261    0.198   0.6382  -0.7397  -0.2134   0.0543
 -0.6332   0.7261    0.316   0.6302  -0.7151  -0.3025  0.05368
 -0.6642   0.6467    0.316   0.6708  -0.6654  -0.3276  0.05082
 -0.6642   0.6467   0.4174   0.6598  -0.6312  -0.4078  0.04951
  -0.681   0.5649   0.4174   0.6887   -0.587  -0.4256  0.04646
 -0.7591   0.4731   0.4174   0.7711  -0.4735  -0.4256  0.04646
 -0.8276   0.4319    0.316   0.8401  -0.4323  -0.3276  0.05082
 -0.8879   0.3778    0.198   0.9007  -0.3783  -0.2134   0.0543
 -0.9381   0.3111   0.0682   0.9462  -0.3117 -0.08744  0.05626
 -0.9691   0.2347 -0.06495    0.971  -0.2352  0.04271  0.05626
 -0.9723   0.1536  -0.1905   0.9736   -0.154   0.1683   0.0543
 -0.9492  0.07381  -0.3044   0.9565 -0.07398   0.2821  0.05081
 -0.8089   0.4319   0.4174   0.8042  -0.4324  -0.4078  0.04951
 -0.8089   0.3579   0.4416   0.8161  -0.3584  -0.4535  0.05082
 -0.8789   0.3778    0.316   0.8748  -0.3784  -0.3025  0.05368
 -0.8789   0.3039   0.3326   0.8866  -0.3043  -0.3482  0.05526
 -0.8496   0.3039   0.4416   0.8508  -0.3044  -0.4284  0.05368
 -0.8496    0.224   0.4593   0.8507  -0.2244  -0.4753   0.0543
 -0.9364   0.3111    0.198   0.9329  -0.3116  -0.1804   0.0566
 -0.9364   0.2376   0.2064   0.9446  -0.2381  -0.2259  0.05839
 -0.9168   0.2376   0.3326   0.9186  -0.2381  -0.3154  0.05766
 -0.9168   0.1574   0.3428   0.9185  -0.1577  -0.3626  0.05839
 -0.8748   0.1574   0.4593   0.8829  -0.1577  -0.4423   0.0566
 -0.8748  0.07635   0.4675   0.8697  -0.0765  -0.4875  0.05626
 -0.9691   0.2347   0.0682   0.9708  -0.2351 -0.04722  0.05766
  -0.974   0.1614  0.07003   0.9825  -0.1618 -0.09255  0.05953
  -0.967   0.1614   0.2064   0.9692  -0.1618  -0.1857  0.05992
  -0.967  0.08123   0.2101   0.9691 -0.08141  -0.2329  0.06072
 -0.9344  0.08123   0.3428   0.9431 -0.08142  -0.3224  0.05992
 -0.9344 1.118e-08   0.3447   0.9299 3.495e-07  -0.3678  0.05953
 -0.8798 1.118e-08   0.4675   0.8944 2.675e-07  -0.4472  0.05766
 -0.8748 -0.07635   0.4675   0.8697   0.0765  -0.4875  0.05626
 -0.9764   0.1536 -0.06652   0.9842  -0.1539  0.08794   0.0566
 -0.9935  0.08018 -0.06652   0.9959 -0.08037  0.04242  0.05839
 -0.9934  0.08018  0.07003   0.9956 -0.08035 -0.04721  0.05992
 -0.9934 -2.384e-07  0.07003   0.9955 1.125e-06 -0.09443  0.06072
 -0.9733 -2.384e-07   0.2101   0.9822 7.934e-07  -0.1876  0.06113
  -0.967 -0.08123   0.2101   0.9691  0.08141  -0.2329  0.06072
 -0.9344 -0.08123   0.3428   0.9431  0.08142  -0.3224  0.05992
 -0.9168  -0.1574   0.3428   0.9185   0.1577  -0.3626  0.05839
 -0.8748  -0.1574   0.4593   0.8829   0.1577  -0.4423   0.0566
 -0.8496   -0.224   0.4593   0.8507   0.2244  -0.4753   0.0543
 -0.9723  0.07381  -0.1935   0.9737 -0.07396   0.2154  0.05368
 -0.9776 -4.619e-07  -0.1935   0.9855 1.248e-06   0.1696  0.05526
  -0.994 -4.619e-07 -0.06652    0.996 8.416e-07  0.08967  0.05766
 -0.9935 -0.08018 -0.06651   0.9959  0.08037  0.04242  0.05839
 -0.9934 -0.08018  0.07003   0.9956  0.08035 -0.04721  0.05992
  -0.974  -0.1614  0.07003   0.9825   0.1618 -0.09255  0.05953
  -0.967  -0.1614   0.2064   0.9692   0.1618  -0.1857  0.05992
 -0.9364  -0.2376   0.2064   0.9446   0.2381  -0.2259  0.05839
 -0.9168  -0.2376   0.3326   0.9186   0.2381  -0.3154  0.05766
 -0.8789  -0.3039   0.3326   0.8866   0.3043  -0.3482  0.05526
 -0.8496  -0.3039   0.4416   0.8508   0.3044  -0.4284  0.05368
 -0.8089  -0.3579   0.4416   0.8161   0.3584  -0.4535  0.05081
 -0.9492 3.725e-09  -0.3058   0.9447      0.0   0.3279  0.04951
 -0.9492 -0.07381  -0.3044   0.9565  0.07398   0.2821  0.05081
 -0.9723 -0.07381  -0.1935   0.9737  0.07396   0.2154  0.05368
 -0.9723  -0.1536  -0.1905   0.9736    0.154   0.1683   0.0543
 -0.9764  -0.1536 -0.06651   0.9842   0.1539  0.08793   0.0566
 -0.9691  -0.2347 -0.06495    0.971   0.2352  0.04271  0.05626
 -0.9691  -0.2347  0.06821   0.9708   0.2351 -0.04722  0.05766
 -0.9381  -0.3111  0.06821   0.9462   0.3117 -0.08744  0.05626
 -0.9364  -0.3111    0.198   0.9329   0.3116  -0.1804   0.0566
 -0.8879  -0.3778    0.198   0.9007   0.3783  -0.2134   0.0543
 -0.8789  -0.3778    0.316   0.8748   0.3784  -0.3025  0.05368
 -0.8276  -0.4319    0.316   0.8401   0.4323  -0.3276  0.05082
 -0.8089  -0.4319   0.4174   0.8042   0.4324  -0.4078  0.04951
 -0.7591  -0.4731   0.4174   0.7711   0.4735  -0.4256  0.04646
  -0.681  -0.5649   0.4174   0.6887    0.587  -0.4256  0.04646
 -0.6642  -0.6467    0.316   0.6708   0.6654  -0.3276  0.05082
 -0.6332  -0.7261    0.198   0.6382   0.7397  -0.2134   0.0543
 -0.5858   -0.796   0.0682   0.5888   0.8035 -0.08744  0.05626
 -0.5227  -0.8491 -0.06495   0.5237   0.8508  0.04271  0.05626
 -0.4478  -0.8811  -0.1905   0.4473   0.8784   0.1683   0.0543
 -0.3674  -0.8919  -0.3044   0.3659   0.8869   0.2821  0.05082
 -0.6642  -0.6467   0.4174   0.6598   0.6312  -0.4078  0.04951
 -0.5852  -0.6467   0.4416    0.593   0.6654  -0.4535  0.05082
 -0.6332  -0.7261    0.316   0.6302   0.7151  -0.3025  0.05368
 -0.5567  -0.7299   0.3326   0.5634   0.7492  -0.3482  0.05526
 -0.5567  -0.7261   0.4416   0.5524   0.7151  -0.4284  0.05368
 -0.4685  -0.7261   0.4593   0.4763   0.7397  -0.4753   0.0543
 -0.5858   -0.796    0.198   0.5847   0.7909  -0.1804   0.0566
 -0.5132  -0.8106   0.2064   0.5183   0.8248  -0.2259  0.05839
 -0.5132  -0.8106   0.3326   0.5103   0.8001  -0.3154  0.05766
 -0.4271  -0.8106   0.3428   0.4338   0.8248  -0.3626  0.05839
 -0.4271   -0.796   0.4593   0.4228   0.7909  -0.4423   0.0566
 -0.3339   -0.796   0.4675   0.3415   0.8035  -0.4875  0.05626
 -0.5227  -0.8491   0.0682   0.5236   0.8507 -0.04722  0.05766
 -0.4545  -0.8763  0.07003   0.4575   0.8844 -0.09255  0.05953
 -0.4545  -0.8763   0.2064   0.4533   0.8718  -0.1857  0.05992
 -0.3719  -0.8818   0.2101   0.3769   0.8965  -0.2329  0.06072
 -0.3719  -0.8763   0.3428   0.3689   0.8718  -0.3224  0.05992
 -0.2809  -0.8763   0.3447   0.2874   0.8844  -0.3678  0.05953
 -0.2809  -0.8491   0.4675   0.2764   0.8506  -0.4472  0.05766
 -0.1887  -0.8491   0.4675    0.196   0.8508  -0.4875  0.05626
 -0.4478  -0.8811 -0.06652   0.4505   0.8884  0.08794   0.0566
 -0.3833  -0.9201 -0.06652   0.3842   0.9223  0.04243  0.05839
 -0.3833  -0.9201  0.07003   0.3841   0.9221 -0.04721  0.05992
 -0.3049  -0.9384  0.07003   0.3076   0.9468 -0.09443  0.06072
 -0.3049  -0.9384   0.2101   0.3035   0.9342  -0.1876  0.06113
 -0.2174  -0.9384   0.2101    0.222   0.9468  -0.2329  0.06072
 -0.2174  -0.9201   0.3428    0.214   0.9221  -0.3224  0.05992
 -0.1277  -0.9201   0.3428   0.1339   0.9223  -0.3626  0.05839
 -0.1277  -0.8811   0.4593   0.1228   0.8884  -0.4423   0.0566
-0.04246  -0.8811   0.4593  0.04951   0.8784  -0.4753   0.0543
 -0.3674   -0.892  -0.1935   0.3712   0.9032   0.2154  0.05368
 -0.3053  -0.9397  -0.1935   0.3045   0.9373   0.1696  0.05526
 -0.3053  -0.9397 -0.06652   0.3078   0.9472  0.08967  0.05766
 -0.2308  -0.9697 -0.06652   0.2313    0.972  0.04243  0.05839
 -0.2308  -0.9697  0.07003   0.2313   0.9717 -0.04721  0.05992
 -0.1474  -0.9761  0.07003   0.1497   0.9844 -0.09255  0.05953
 -0.1474  -0.9697   0.2064   0.1456   0.9717  -0.1857  0.05992
-0.06125  -0.9697   0.2064   0.0655    0.972  -0.2259  0.05839
-0.06125  -0.9397   0.3326  0.05744   0.9472  -0.3154  0.05766
 0.02132  -0.9397   0.3326 -0.01545   0.9373  -0.3482  0.05526
 0.02132   -0.892   0.4416 -0.02659   0.9032  -0.4284  0.05368
 0.09555  -0.8919   0.4416 -0.08865   0.8869  -0.4535  0.05082
 -0.2877  -0.8919  -0.3058   0.2919   0.8985   0.3279  0.04951
 -0.2271  -0.9313  -0.3044   0.2252   0.9326   0.2821  0.05082
 -0.2271  -0.9419  -0.1935   0.2306   0.9489   0.2154  0.05368
 -0.1556  -0.9718  -0.1905   0.1544   0.9736   0.1683   0.0543
 -0.1556  -0.9761 -0.06652   0.1577   0.9836  0.08794   0.0566
-0.07625  -0.9941 -0.06495  0.07641   0.9962  0.04271  0.05626
-0.07625  -0.9942   0.0682  0.07639    0.996 -0.04721  0.05766
0.006035  -0.9941   0.0682 -0.00403   0.9962 -0.08744  0.05626
0.006035  -0.9761    0.198 -0.008108   0.9836  -0.1804   0.0566
 0.08546  -0.9718    0.198 -0.08147   0.9736  -0.2134   0.0543
 0.08546  -0.9419    0.316 -0.08951   0.9489  -0.3025  0.05368
  0.1573  -0.9313    0.316  -0.1516   0.9326  -0.3276  0.05082
  0.1573  -0.8919   0.4174  -0.1628   0.8985  -0.4078  0.04951
  0.2189   -0.879   0.4174  -0.2121   0.8797  -0.4256  0.04646
  0.3268  -0.8289   0.4174  -0.3455   0.8363  -0.4256  0.04646
  0.4097  -0.8317    0.316  -0.4255   0.8436  -0.3276  0.05082
  0.4949  -0.8266    0.198  -0.5063   0.8355  -0.2134   0.0543
   0.576  -0.8031   0.0682  -0.5823   0.8083 -0.08744  0.05626
   0.646  -0.7595 -0.06495  -0.6473    0.761  0.04271  0.05626
  0.6996  -0.6982  -0.1905  -0.6972   0.6968   0.1683   0.0543
  0.7348  -0.6251  -0.3044  -0.7304   0.6221   0.2821  0.05082
  0.4097  -0.8289   0.4174  -0.3964   0.8225  -0.4078  0.04951
  0.4306  -0.7578   0.4416  -0.4496   0.7696  -0.4535  0.05082
  0.4949  -0.8266    0.316  -0.4853   0.8203  -0.3025  0.05368
  0.5222   -0.755   0.3326  -0.5384   0.7674  -0.3482  0.05526
  0.5222   -0.755   0.4416  -0.5094   0.7464  -0.4284  0.05368
  0.5372  -0.6671   0.4593  -0.5564   0.6815  -0.4754   0.0543
   0.576  -0.8031    0.198  -0.5716   0.8005  -0.1804   0.0566
  0.6123  -0.7386   0.2064  -0.6243   0.7478  -0.2259  0.05839
  0.6123  -0.7386   0.3326  -0.6032   0.7326  -0.3154  0.05766
  0.6337  -0.6549   0.3428  -0.6504   0.6675  -0.3626  0.05839
  0.6337  -0.6549   0.4593  -0.6216   0.6466  -0.4423   0.0566
  0.6393  -0.5588   0.4675  -0.6587   0.5731  -0.4875  0.05626
   0.646  -0.7595   0.0682  -0.6472   0.7608 -0.04721  0.05766
   0.693   -0.703  0.07003  -0.6998   0.7084 -0.09255  0.05953
   0.693   -0.703   0.2064   -0.689   0.7005  -0.1857  0.05992
  0.7237  -0.6262   0.2101  -0.7362   0.6355  -0.2329  0.06072
  0.7237  -0.6262   0.3428  -0.7151   0.6202  -0.3224  0.05992
  0.7353  -0.5342   0.3447  -0.7523   0.5466  -0.3678  0.05953
  0.7353  -0.5342   0.4675  -0.7236   0.5257  -0.4472  0.05766
  0.7353  -0.4353   0.4675  -0.7486   0.4493  -0.4875  0.05626
  0.6996  -0.6982 -0.06652  -0.7057    0.703  0.08794   0.0566
  0.7567  -0.6488 -0.06652  -0.7584   0.6504  0.04243  0.05839
  0.7567  -0.6488  0.07003  -0.7583   0.6502 -0.04721  0.05992
  0.7983    -0.58  0.07003  -0.8054   0.5852 -0.09443  0.06072
  0.7983    -0.58   0.2101  -0.7947   0.5773  -0.1876  0.06113
  0.8192  -0.4948   0.2101  -0.8319   0.5037  -0.2329  0.06072
  0.8192  -0.4948   0.3428  -0.8108   0.4885  -0.3224  0.05992
  0.8221  -0.4003   0.3428  -0.8358   0.4123  -0.3626  0.05839
  0.8124  -0.4003   0.4593   -0.807   0.3913  -0.4423   0.0566
  0.8124  -0.3047   0.4593  -0.8201   0.3185  -0.4753   0.0543
  0.7348  -0.6251  -0.1935  -0.7443   0.6322   0.2154  0.05368
  0.7993  -0.5807  -0.1935  -0.7973   0.5793   0.1696  0.05526
  0.7993  -0.5807 -0.06652  -0.8058   0.5854  0.08968  0.05766
  0.8509  -0.5191 -0.06652  -0.8529   0.5203  0.04243  0.05839
  0.8509  -0.5191  0.07003  -0.8527   0.5202 -0.04721  0.05992
  0.8828  -0.4418  0.07003  -0.8899   0.4466 -0.09254  0.05953
  0.8828  -0.4418   0.2064  -0.8792   0.4388  -0.1857  0.05992
  0.8917  -0.3541   0.2064  -0.9041   0.3626  -0.2259  0.05839
  0.8883  -0.3541   0.3326  -0.8831   0.3473  -0.3154  0.05766
  0.8883  -0.2633   0.3326  -0.8962   0.2749  -0.3482  0.05526
  0.8674  -0.2633   0.4416  -0.8672   0.2538  -0.4284  0.05368
  0.8674  -0.1761   0.4416  -0.8708   0.1897  -0.4535  0.05082
  0.7533  -0.5473  -0.3058  -0.7643   0.5553   0.3279  0.04951
  0.8216  -0.5057  -0.3044  -0.8173   0.5024   0.2821  0.05082
  0.8216  -0.5057  -0.1935  -0.8312   0.5125   0.2154  0.05368
  0.8802  -0.4496  -0.1905  -0.8782   0.4477   0.1683   0.0543
  0.8802  -0.4496 -0.06652  -0.8867    0.454  0.08794   0.0566
  0.9219  -0.3797 -0.06495  -0.9238   0.3805  0.04271  0.05626
  0.9219  -0.3797   0.0682  -0.9236   0.3804 -0.04721  0.05766
  0.9418  -0.2997   0.0682  -0.9487    0.304 -0.08744  0.05626
  0.9418  -0.2997    0.198  -0.9379   0.2962  -0.1804   0.0566
  0.9431  -0.2153    0.198  -0.9511   0.2234  -0.2134   0.0543
  0.9302  -0.2153    0.316  -0.9301   0.2081  -0.3025  0.05368
  0.9302  -0.1327    0.316  -0.9338    0.144  -0.3276  0.05081
  0.9014  -0.1327   0.4174  -0.9048   0.1228  -0.4078  0.04951
  0.9014  -0.0567   0.4174  -0.9022  0.07015  -0.4256  0.04646
  0.2877    0.879   0.4025  -0.2858  -0.8797    -0.38  0.04646
  0.3674   0.8919   0.3044  -0.3659  -0.8869  -0.2821  0.05082
  0.4478   0.8811   0.1905  -0.4473  -0.8784  -0.1683   0.0543
  0.5227   0.8491  0.06495  -0.5237  -0.8508 -0.04271  0.05626
  0.5858    0.796 -0.06821  -0.5888  -0.8035  0.08744  0.05626
  0.6332   0.7261   -0.198  -0.6382  -0.7397   0.2134   0.0543
  0.6642   0.6467   -0.316  -0.6708  -0.6654   0.3276  0.05082
  0.2877   0.8919   0.3058  -0.2919  -0.8985  -0.3279  0.04951
  0.2271   0.9313   0.3044  -0.2252  -0.9326  -0.2821  0.05082
  0.3674    0.892   0.1935  -0.3712  -0.9032  -0.2154  0.05368
  0.3053   0.9397   0.1935  -0.3045  -0.9373  -0.1696  0.05526
  0.2271   0.9419   0.1935  -0.2306  -0.9489  -0.2154  0.05368
  0.1556   0.9718   0.1905  -0.1544  -0.9736  -0.1683   0.0543
  0.4478   0.8811  0.06652  -0.4505  -0.8884 -0.08794   0.0566
  0.3833   0.9201  0.06652  -0.3842  -0.9223 -0.04243  0.05839
  0.3053   0.9397  0.06652  -0.3078  -0.9472 -0.08967  0.05766
  0.2308   0.9697  0.06652  -0.2313   -0.972 -0.04242  0.05839
  0.1556   0.9761  0.06652  -0.1577  -0.9836 -0.08794   0.0566
 0.07625   0.9941  0.06495 -0.07641  -0.9962 -0.04271  0.05626
  0.5227   0.8491 -0.06821  -0.5236  -0.8507  0.04721  0.05766
  0.4545   0.8763 -0.07003  -0.4575  -0.8844  0.09255  0.05953
  0.3833   0.9201 -0.07003  -0.3841  -0.9221  0.04721  0.05992
  0.3049   0.9384 -0.07003  -0.3076  -0.9468  0.09443  0.06072
  0.2308   0.9697 -0.07003  -0.2313  -0.9717  0.04721  0.05992
  0.1474   0.9761 -0.07003  -0.1497  -0.9844  0.09255  0.05953
 0.07625   0.9942 -0.06821 -0.07639   -0.996  0.04721  0.05766
-0.006035   0.9941 -0.06821  0.00403  -0.9962  0.08744  0.05626
  0.5858    0.796   -0.198  -0.5847  -0.7909   0.1804   0.0566
  0.5132   0.8106  -0.2064  -0.5183  -0.8248   0.2259  0.05839
  0.4545   0.8763  -0.2064  -0.4533  -0.8718   0.1857  0.05992
  0.3719   0.8818  -0.2101  -0.3769  -0.8965   0.2329  0.06072
  0.3049   0.9384  -0.2101  -0.3035  -0.9342   0.1876  0.06113
  0.2174   0.9384  -0.2101   -0.222  -0.9468   0.2329  0.06072
  0.1474   0.9697  -0.2064  -0.1456  -0.9717   0.1857  0.05992
 0.06125   0.9697  -0.2064  -0.0655   -0.972   0.2259  0.05839
-0.006035   0.9761   -0.198 0.008108  -0.9836   0.1804   0.0566
-0.08546   0.9718   -0.198  0.08147  -0.9736   0.2134   0.0543
  0.6332   0.7261   -0.316  -0.6302  -0.7151   0.3025  0.05368
  0.5567   0.7299  -0.3326  -0.5634  -0.7492   0.3482  0.05526
  0.5132   0.8106  -0.3326  -0.5103  -0.8001   0.3154  0.05766
  0.4271   0.8106  -0.3428  -0.4338  -0.8248   0.3626  0.05839
  0.3719   0.8763  -0.3428  -0.3689  -0.8718   0.3224  0.05992
  0.2809   0.8763  -0.3447  -0.2874  -0.8844   0.3678  0.05953
  0.2174   0.9201  -0.3428   -0.214  -0.9221   0.3224  0.05992
  0.1277   0.9201  -0.3428  -0.1339  -0.9223   0.3626  0.05839
 0.06125   0.9397  -0.3326 -0.05744  -0.9472   0.3154  0.05766
-0.02132   0.9397  -0.3326  0.01545  -0.9373   0.3482  0.05526
-0.08546   0.9419   -0.316  0.08951  -0.9489   0.3025  0.05368
 -0.1573   0.9313   -0.316   0.1516  -0.9326   0.3276  0.05082
  0.6642   0.6467  -0.4174  -0.6598  -0.6312   0.4078  0.04951
  0.5852   0.6467  -0.4416   -0.593  -0.6654   0.4535  0.05082
  0.5567   0.7261  -0.4416  -0.5524  -0.7151   0.4284  0.05368
  0.4685   0.7261  -0.4593  -0.4763  -0.7397   0.4754   0.0543
  0.4271    0.796  -0.4593  -0.4228  -0.7909   0.4423   0.0566
  0.3339    0.796  -0.4675  -0.3415  -0.8035   0.4875  0.05626
  0.2809   0.8491  -0.4675  -0.2764  -0.8506   0.4472  0.05766
  0.1887   0.8491  -0.4675   -0.196  -0.8508   0.4875  0.05626
  0.1277   0.8811  -0.4593  -0.1228  -0.8884   0.4423   0.0566
 0.04246   0.8811  -0.4593 -0.04951  -0.8784   0.4754   0.0543
-0.02132    0.892  -0.4416   0.0266  -0.9032   0.4284  0.05368
-0.09555   0.8919  -0.4416  0.08865  -0.8869   0.4535  0.05082
 -0.1573   0.8919  -0.4174   0.1628  -0.8985   0.4078  0.04951
 -0.2189    0.879  -0.4174   0.2121  -0.8797   0.4256  0.04646
 -0.7533   0.5473   0.4025   0.7483  -0.5437    -0.38  0.04646
 -0.7348   0.6251   0.3044   0.7304  -0.6221  -0.2821  0.05082
 -0.6996   0.6982   0.1905   0.6972  -0.6968  -0.1683   0.0543
  -0.646   0.7595  0.06495   0.6473   -0.761 -0.04271  0.05626
  -0.576   0.8031 -0.06821   0.5823  -0.8083  0.08744  0.05626
 -0.4949   0.8266   -0.198   0.5063  -0.8355   0.2134   0.0543
 -0.4097   0.8317   -0.316   0.4255  -0.8436   0.3276  0.05082
 -0.7533   0.5473   0.3058   0.7643  -0.5553  -0.3279  0.04951
 -0.8216   0.5057   0.3044   0.8173  -0.5024  -0.2821  0.05082
 -0.7348   0.6251   0.1935   0.7443  -0.6322  -0.2154  0.05368
 -0.7993   0.5807   0.1935   0.7973  -0.5793  -0.1696  0.05526
 -0.8216   0.5057   0.1935   0.8312  -0.5125  -0.2154  0.05368
 -0.8802   0.4496   0.1905   0.8782  -0.4477  -0.1683   0.0543
 -0.6996   0.6982  0.06652   0.7057   -0.703 -0.08794   0.0566
 -0.7567   0.6488  0.06652   0.7584  -0.6504 -0.04243  0.05839
 -0.7993   0.5807  0.06652   0.8058  -0.5854 -0.08967  0.05766
 -0.8509   0.5191  0.06652   0.8529  -0.5203 -0.04243  0.05839
 -0.8802   0.4496  0.06652   0.8867   -0.454 -0.08794   0.0566
 -0.9219   0.3797  0.06495   0.9238  -0.3805 -0.04271  0.05626
  -0.646   0.7595 -0.06821   0.6472  -0.7608  0.04721  0.05766
  -0.693    0.703 -0.07003   0.6998  -0.7084  0.09255  0.05953
 -0.7567   0.6488 -0.07003   0.7583  -0.6502  0.04721  0.05992
 -0.7983     0.58 -0.07003   0.8054  -0.5852  0.09443  0.06072
 -0.8509   0.5191 -0.07003   0.8527  -0.5202  0.04721  0.05992
 -0.8828   0.4418 -0.07003   0.8899  -0.4466  0.09255  0.05953
 -0.9219   0.3797  -0.0682   0.9236  -0.3804  0.04721  0.05766
 -0.9418   0.2997  -0.0682   0.9487   -0.304  0.08744  0.05626
  -0.576   0.8031   -0.198   0.5716  -0.8005   0.1804   0.0566
 -0.6123   0.7386  -0.2064   0.6243  -0.7478   0.2259  0.05839
  -0.693    0.703  -0.2064    0.689  -0.7005   0.1857  0.05992
 -0.7237   0.6262  -0.2101   0.7362  -0.6355   0.2329  0.06072
 -0.7983     0.58  -0.2101   0.7947  -0.5773   0.1876  0.06113
 -0.8192   0.4948  -0.2101   0.8319  -0.5038   0.2329  0.06072
 -0.8828   0.4418  -0.2064   0.8792  -0.4388   0.1857  0.05992
 -0.8917   0.3541  -0.2064   0.9041  -0.3626   0.2259  0.05839
 -0.9418   0.2997   -0.198   0.9379  -0.2962   0.1804   0.0566
 -0.9431   0.2153   -0.198   0.9511  -0.2234   0.2134   0.0543
 -0.4949   0.8266   -0.316   0.4853  -0.8203   0.3025  0.05368
 -0.5222    0.755  -0.3326   0.5384  -0.7674   0.3482  0.05526
 -0.6123   0.7386  -0.3326   0.6032  -0.7326   0.3154  0.05766
 -0.6337   0.6549  -0.3428   0.6504  -0.6675   0.3626  0.05839
 -0.7237   0.6262  -0.3428   0.7151  -0.6202   0.3224  0.05992
 -0.7353   0.5342  -0.3447   0.7523  -0.5466   0.3678  0.05953
 -0.8192   0.4948  -0.3428   0.8108  -0.4885   0.3224  0.05992
 -0.8221   0.4003  -0.3428   0.8358  -0.4123   0.3626  0.05839
 -0.8882   0.3541  -0.3326   0.8831  -0.3473   0.3154  0.05766
 -0.8882   0.2633  -0.3326   0.8962  -0.2749   0.3482  0.05526
 -0.9302   0.2153   -0.316   0.9301  -0.2081   0.3025  0.05368
 -0.9302   0.1327   -0.316   0.9338   -0.144   0.3276  0.05082
 -0.4097   0.8289  -0.4174   0.3964  -0.8225   0.4078  0.04951
 -0.4306   0.7578  -0.4416   0.4496  -0.7696   0.4535  0.05082
 -0.5222    0.755  -0.4416   0.5094  -0.7464   0.4284  0.05368
 -0.5372   0.6671  -0.4593   0.5564  -0.6815   0.4753   0.0543
 -0.6337   0.6549  -0.4593   0.6216  -0.6466   0.4423   0.0566
 -0.6393   0.5588  -0.4675   0.6587  -0.5731   0.4875  0.05626
 -0.7353   0.5342  -0.4675   0.7236  -0.5257   0.4472  0.05766
 -0.7353   0.4353  -0.4675   0.7486  -0.4493   0.4875  0.05626
 -0.8124   0.4003  -0.4593    0.807  -0.3913   0.4423   0.0566
 -0.8124   0.3047  -0.4593   0.8201  -0.3185   0.4753   0.0543
 -0.8674   0.2633  -0.4416   0.8672  -0.2538   0.4284  0.05368
 -0.8674   0.1761  -0.4416   0.8708  -0.1897   0.4535  0.05081
 -0.9014   0.1327  -0.4174   0.9048  -0.1228   0.4078  0.04951
 -0.9014   0.0567  -0.4174   0.9022 -0.07015   0.4256  0.04646
 -0.7533  -0.5473   0.4025   0.7483   0.5437    -0.38  0.04646
 -0.8216  -0.5057   0.3044   0.8173   0.5024  -0.2821  0.05082
 -0.8802  -0.4496   0.1905   0.8782   0.4477  -0.1683   0.0543
 -0.9219  -0.3797  0.06495   0.9238   0.3805 -0.04271  0.05626
 -0.9418  -0.2997  -0.0682   0.9487    0.304  0.08744  0.05626
 -0.9431  -0.2153   -0.198   0.9511   0.2234   0.2134   0.0543
 -0.9302  -0.1327   -0.316   0.9338    0.144   0.3276  0.05082
 -0.7533  -0.5473   0.3058   0.7643   0.5553  -0.3279  0.04951
 -0.7348  -0.6251   0.3044   0.7304   0.6221  -0.2821  0.05082
 -0.8216  -0.5057   0.1935   0.8312   0.5125  -0.2154  0.05368
 -0.7993  -0.5807   0.1935   0.7973   0.5793  -0.1696  0.05526
 -0.7348  -0.6251   0.1935   0.7443   0.6322  -0.2154  0.05368
 -0.6996  -0.6982   0.1905   0.6972   0.6968  -0.1683   0.0543
 -0.8802  -0.4496  0.06652   0.8867    0.454 -0.08794   0.0566
 -0.8509  -0.5191  0.06652   0.8529   0.5203 -0.04242  0.05839
 -0.7993  -0.5807  0.06652   0.8058   0.5854 -0.08967  0.05766
 -0.7567  -0.6488  0.06652   0.7584   0.6504 -0.04242  0.05839
 -0.6996  -0.6982  0.06652   0.7057    0.703 -0.08794   0.0566
  -0.646  -0.7595  0.06495   0.6473    0.761 -0.04271  0.05626
 -0.9219  -0.3797  -0.0682   0.9236   0.3804  0.04721  0.05766
 -0.8828  -0.4418 -0.07003   0.8899   0.4466  0.09255  0.05953
 -0.8509  -0.5191 -0.07003   0.8527   0.5202  0.04721  0.05992
 -0.7983    -0.58 -0.07003   0.8054   0.5852  0.09443  0.06072
 -0.7567  -0.6488 -0.07003   0.7583   0.6502  0.04721  0.05992
  -0.693   -0.703 -0.07003   0.6998   0.7084  0.09255  0.05953
  -0.646  -0.7595 -0.06821   0.6472   0.7608  0.04721  0.05766
  -0.576  -0.8031 -0.06821   0.5823   0.8083  0.08744  0.05626
 -0.9418  -0.2997   -0.198   0.9379   0.2962   0.1804   0.0566
 -0.8917  -0.3541  -0.2064   0.9041   0.3626   0.2259  0.05839
 -0.8828  -0.4418  -0.2064   0.8792   0.4388   0.1857  0.05992
 -0.8192  -0.4948  -0.2101   0.8319   0.5038   0.2329  0.06072
 -0.7983    -0.58  -0.2101   0.7947   0.5773   0.1876  0.06113
 -0.7237  -0.6262  -0.2101   0.7362   0.6355   0.2329  0.06072
  -0.693   -0.703  -0.2064    0.689   0.7005   0.1857  0.05992
 -0.6123  -0.7386  -0.2064   0.6243   0.7478   0.2259  0.05839
  -0.576  -0.8031   -0.198   0.5716   0.8005   0.1804   0.0566
 -0.4949  -0.8266   -0.198   0.5063   0.8355   0.2134   0.0543
 -0.9302  -0.2153   -0.316   0.9301   0.2081   0.3025  0.05368
 -0.8882  -0.2633  -0.3326   0.8962   0.2749   0.3482  0.05526
 -0.8882  -0.3541  -0.3326   0.8831   0.3473   0.3154  0.05766
 -0.8221  -0.4003  -0.3428   0.8358   0.4123   0.3626  0.05839
 -0.8192  -0.4948  -0.3428   0.8108   0.4885   0.3224  0.05992
 -0.7353  -0.5342  -0.3447   0.7523   0.5466   0.3678  0.05953
 -0.7237  -0.6262  -0.3428   0.7151   0.6202   0.3224  0.05992
 -0.6337  -0.6549  -0.3428   0.6504   0.6675   0.3626  0.05839
 -0.6123  -0.7386  -0.3326   0.6032   0.7326   0.3154  0.05766
 -0.5222   -0.755  -0.3326   0.5384   0.7674   0.3482  0.05526
 -0.4949  -0.8266   -0.316   0.4853   0.8203   0.3025  0.05368
 -0.4097  -0.8317   -0.316   0.4255   0.8436   0.3276  0.05082
 -0.9014  -0.1327  -0.4174   0.9048   0.1228   0.4078  0.04951
 -0.8674  -0.1761  -0.4416   0.8708   0.1897   0.4535  0.05081
 -0.8674  -0.2633  -0.4416   0.8672   0.2538   0.4284  0.05368
 -0.8124  -0.3047  -0.4593   0.8201   0.3185   0.4753   0.0543
 -0.8124  -0.4003  -0.4593    0.807   0.3913   0.4423   0.0566
 -0.7353  -0.4353  -0.4675   0.7486   0.4493   0.4875  0.05626
 -0.7353  -0.5342  -0.4675   0.7236   0.5257   0.4472  0.05766
 -0.6393  -0.5588  -0.4675   0.6587   0.5731   0.4875  0.05626
 -0.6337  -0.6549  -0.4593   0.6216   0.6466   0.4423   0.0566
 -0.5372  -0.6671  -0.4593   0.5564   0.6815   0.4753   0.0543
 -0.5222   -0.755  -0.4416   0.5094   0.7464   0.4284  0.05368
 -0.4306  -0.7578  -0.4416   0.4496   0.7696   0.4535  0.05082
 -0.4097  -0.8289  -0.4174   0.3964   0.8225   0.4078  0.04951
 -0.3268  -0.8289  -0.4174   0.3455   0.8363   0.4256  0.04646
  0.2877   -0.879   0.4025  -0.2858   0.8797    -0.38  0.04646
  0.2271  -0.9313   0.3044  -0.2252   0.9326  -0.2821  0.05082
  0.1556  -0.9718   0.1905  -0.1544   0.9736  -0.1683   0.0543
 0.07625  -0.9941  0.06495 -0.07641   0.9962 -0.04271  0.05626
-0.006035  -0.9941 -0.06821 0.004031   0.9962  0.08744  0.05626
-0.08546  -0.9718   -0.198  0.08146   0.9736   0.2134   0.0543
 -0.1573  -0.9313   -0.316   0.1516   0.9326   0.3276  0.05082
  0.2877  -0.8919   0.3058  -0.2919   0.8985  -0.3279  0.04951
  0.3674  -0.8919   0.3044  -0.3659   0.8869  -0.2821  0.05082
  0.2271  -0.9419   0.1935  -0.2306   0.9489  -0.2154  0.05368
  0.3053  -0.9397   0.1935  -0.3045   0.9373  -0.1696  0.05526
  0.3674   -0.892   0.1935  -0.3712   0.9032  -0.2154  0.05368
  0.4478  -0.8811   0.1905  -0.4473   0.8784  -0.1683   0.0543
  0.1556  -0.9761  0.06652  -0.1577   0.9836 -0.08794   0.0566
  0.2308  -0.9697  0.06652  -0.2313    0.972 -0.04243  0.05839
  0.3053  -0.9397  0.06652  -0.3078   0.9472 -0.08967  0.05766
  0.3833  -0.9201  0.06652  -0.3842   0.9223 -0.04243  0.05839
  0.4478  -0.8811  0.06652  -0.4505   0.8884 -0.08794   0.0566
  0.5227  -0.8491  0.06495  -0.5237   0.8508 -0.04271  0.05626
 0.07625  -0.9942 -0.06821 -0.07639    0.996  0.04721  0.05766
  0.1474  -0.9761 -0.07003  -0.1497   0.9844  0.09255  0.05953
  0.2308  -0.9697 -0.07003  -0.2313   0.9717  0.04721  0.05992
  0.3049  -0.9384 -0.07003  -0.3076   0.9468  0.09443  0.06072
  0.3833  -0.9201 -0.07003  -0.3841   0.9221  0.04721  0.05992
  0.4545  -0.8763 -0.07003  -0.4575   0.8844  0.09255  0.05953
  0.5227  -0.8491 -0.06821  -0.5236   0.8507  0.04722  0.05766
  0.5858   -0.796 -0.06821  -0.5888   0.8035  0.08744  0.05626
-0.006035  -0.9761   -0.198 0.008109   0.9836   0.1804   0.0566
 0.06125  -0.9697  -0.2064  -0.0655    0.972   0.2259  0.05839
  0.1474  -0.9697  -0.2064  -0.1456   0.9717   0.1857  0.05992
  0.2174  -0.9384  -0.2101   -0.222   0.9468   0.2329  0.06072
  0.3049  -0.9384  -0.2101  -0.3035   0.9342   0.1876  0.06113
  0.3719  -0.8818  -0.2101  -0.3769   0.8965   0.2329  0.06072
  0.4545  -0.8763  -0.2064  -0.4533   0.8718   0.1857  0.05992
  0.5132  -0.8106  -0.2064  -0.5183   0.8248   0.2259  0.05839
  0.5858   -0.796   -0.198  -0.5847   0.7909   0.1804   0.0566
  0.6332  -0.7261   -0.198  -0.6382   0.7397   0.2134   0.0543
-0.08546  -0.9419   -0.316  0.08951   0.9489   0.3025  0.05368
-0.02132  -0.9397  -0.3326  0.01545   0.9373   0.3482  0.05526
 0.06125  -0.9397  -0.3326 -0.05744   0.9472   0.3154  0.05766
  0.1277  -0.9201  -0.3428  -0.1339   0.9223   0.3626  0.05839
  0.2174  -0.9201  -0.3428   -0.214   0.9221   0.3224  0.05992
  0.2809  -0.8763  -0.3447  -0.2874   0.8844   0.3678  0.05953
  0.3719  -0.8763  -0.3428  -0.3689   0.8718   0.3224  0.05992
  0.4271  -0.8106  -0.3428  -0.4338   0.8248   0.3626  0.05839
  0.5132  -0.8106  -0.3326  -0.5103   0.8001   0.3154  0.05766
  0.5567  -0.7299  -0.3326  -0.5634   0.7492   0.3482  0.05526
  0.6332  -0.7261   -0.316  -0.6302   0.7151   0.3025  0.05368
  0.6642  -0.6467   -0.316  -0.6708   0.6654   0.3276  0.05082
 -0.1573  -0.8919  -0.4174   0.1628   0.8985   0.4078  0.04951
-0.09555  -0.8919  -0.4416  0.08865   0.8869   0.4535  0.05082
-0.02132   -0.892  -0.4416   0.0266   0.9032   0.4284  0.05368
 0.04246  -0.8811  -0.4593 -0.04951   0.8784   0.4754   0.0543
  0.1277  -0.8811  -0.4593  -0.1228   0.8884   0.4423   0.0566
  0.1887  -0.8491  -0.4675   -0.196   0.8508   0.4875  0.05626
  0.2809  -0.8491  -0.4675  -0.2764   0.8506   0.4472  0.05766
  0.3339   -0.796  -0.4675  -0.3415   0.8035   0.4875  0.05626
  0.4271   -0.796  -0.4593  -0.4228   0.7909   0.4423   0.0566
  0.4685  -0.7261  -0.4593  -0.4763   0.7397   0.4754   0.0543
  0.5567  -0.7261  -0.4416  -0.5524   0.7151   0.4284  0.05368
  0.5852  -0.6467  -0.4416   -0.593   0.6654   0.4535  0.05082
  0.6642  -0.6467  -0.4174  -0.6598   0.6312   0.4078  0.04951
   0.681  -0.5649  -0.4174  -0.6887    0.587   0.4256  0.04646
  0.9128 -3.725e-09   0.4025   -0.925      0.0    -0.38  0.04646
  0.9492 -0.07381   0.3044  -0.9565  0.07398  -0.2821  0.05081
  0.9723  -0.1536   0.1905  -0.9736    0.154  -0.1683   0.0543
  0.9691  -0.2347  0.06495   -0.971   0.2352 -0.04271  0.05626
  0.9381  -0.3111  -0.0682  -0.9462   0.3117  0.08744  0.05626
  0.8879  -0.3778   -0.198  -0.9007   0.3783   0.2134   0.0543
  0.8276  -0.4319   -0.316  -0.8401   0.4323   0.3276  0.05082
  0.9492 -3.725e-09   0.3058  -0.9447     -0.0  -0.3279  0.04951
  0.9492  0.07381   0.3044  -0.9565 -0.07398  -0.2821  0.05081
  0.9723 -0.07381   0.1935  -0.9737  0.07396  -0.2154  0.05368
  0.9776      0.0   0.1935  -0.9855      0.0  -0.1696  0.05526
  0.9723  0.07381   0.1935  -0.9737 -0.07396  -0.2154  0.05368
  0.9723   0.1536   0.1905  -0.9736   -0.154  -0.1683   0.0543
  0.9764  -0.1536  0.06652  -0.9842   0.1539 -0.08794   0.0566
  0.9935 -0.08018  0.06652  -0.9959  0.08037 -0.04242  0.05839
   0.994      0.0  0.06652   -0.996     -0.0 -0.08967  0.05766
  0.9935  0.08018  0.06652  -0.9959 -0.08037 -0.04242  0.05839
  0.9764   0.1536  0.06652  -0.9842  -0.1539 -0.08794   0.0566
  0.9691   0.2347  0.06495   -0.971  -0.2352 -0.04271  0.05626
  0.9691  -0.2347  -0.0682  -0.9708   0.2351  0.04721  0.05766
   0.974  -0.1614 -0.07003  -0.9825   0.1618  0.09255  0.05953
  0.9934 -0.08018 -0.07003  -0.9956  0.08035  0.04721  0.05992
  0.9934 -1.49e-08 -0.07003  -0.9955 3.619e-07  0.09443  0.06072
  0.9934  0.08018 -0.07003  -0.9956 -0.08035  0.04721  0.05992
   0.974   0.1614 -0.07003  -0.9825  -0.1618  0.09255  0.05953
  0.9691   0.2347  -0.0682  -0.9708  -0.2351  0.04721  0.05766
  0.9381   0.3111  -0.0682  -0.9462  -0.3117  0.08744  0.05626
  0.9364  -0.3111   -0.198  -0.9329   0.3116   0.1804   0.0566
  0.9364  -0.2376  -0.2064  -0.9446   0.2381   0.2259  0.05839
   0.967  -0.1614  -0.2064  -0.9692   0.1618   0.1857  0.05992
   0.967 -0.08123  -0.2101  -0.9691  0.08141   0.2329  0.06072
  0.9733 -1.49e-08  -0.2101  -0.9822 3.556e-07   0.1876  0.06113
   0.967  0.08123  -0.2101  -0.9691 -0.08141   0.2329  0.06072
   0.967   0.1614  -0.2064  -0.9692  -0.1618   0.1857  0.05992
  0.9364   0.2376  -0.2064  -0.9446  -0.2381   0.2259  0.05839
  0.9364   0.3111   -0.198  -0.9329  -0.3116   0.1804   0.0566
  0.8879   0.3778   -0.198  -0.9007  -0.3783   0.2134   0.0543
  0.8789  -0.3778   -0.316  -0.8748   0.3784   0.3025  0.05368
  0.8789  -0.3039  -0.3326  -0.8866   0.3043   0.3482  0.05526
  0.9168  -0.2376  -0.3326  -0.9186   0.2381   0.3154  0.05766
  0.9168  -0.1574  -0.3428  -0.9185   0.1577   0.3626  0.05839
  0.9344 -0.08123  -0.3428  -0.9431  0.08142   0.3224  0.05992
  0.9344      0.0  -0.3447  -0.9299      0.0   0.3678  0.05953
  0.9344  0.08123  -0.3428  -0.9431 -0.08142   0.3224  0.05992
  0.9168   0.1574  -0.3428  -0.9185  -0.1577   0.3626  0.05839
  0.9168   0.2376  -0.3326  -0.9186  -0.2381   0.3154  0.05766
  0.8789   0.3039  -0.3326  -0.8866  -0.3043   0.3482  0.05526
  0.8789   0.3778   -0.316  -0.8748  -0.3784   0.3025  0.05368
  0.8276   0.4319   -0.316  -0.8401  -0.4323   0.3276  0.05082
  0.8089  -0.4319  -0.4174  -0.8042   0.4324   0.4078  0.04951
  0.8089  -0.3579  -0.4416  -0.8161   0.3584   0.4535  0.05081
  0.8496  -0.3039  -0.4416  -0.8508   0.3044   0.4284  0.05368
  0.8496   -0.224  -0.4593  -0.8507   0.2244   0.4753   0.0543
  0.8748  -0.1574  -0.4593  -0.8829   0.1577   0.4423   0.0566
  0.8748 -0.07635  -0.4675  -0.8697   0.0765   0.4875  0.05626
  0.8798      0.0  -0.4675  -0.8944      0.0   0.4472  0.05766
  0.8748  0.07635  -0.4675  -0.8697  -0.0765   0.4875  0.05626
  0.8748   0.1574  -0.4593  -0.8829  -0.1577   0.4423   0.0566
  0.8496    0.224  -0.4593  -0.8507  -0.2244   0.4753   0.0543
  0.8496   0.3039  -0.4416  -0.8508  -0.3044   0.4284  0.05368
  0.8089   0.3579  -0.4416  -0.8161  -0.3584   0.4535  0.05081
  0.8089   0.4319  -0.4174  -0.8042  -0.4324   0.4078  0.04951
  0.7591   0.4731  -0.4174  -0.7711  -0.4735   0.4256  0.04646
   0.681   0.5473   -0.499  -0.6746  -0.5437   0.4994  0.04646
  0.6262   0.5057  -0.6041  -0.6178  -0.5024   0.6049  0.05081
  0.5533   0.4496   -0.709  -0.5433  -0.4477   0.7102   0.0543
  0.4623   0.3797  -0.8055  -0.4513  -0.3805   0.8072  0.05626
  0.3571   0.2997  -0.8858   -0.346   -0.304   0.8876  0.05626
  0.2447   0.2153  -0.9445  -0.2345  -0.2234   0.9461   0.0543
  0.1333   0.1327  -0.9804  -0.1246   -0.144   0.9817  0.05081
  0.6262   0.5473  -0.5317  -0.6351  -0.5553   0.5369  0.04951
  0.5852   0.6251  -0.5317  -0.5789  -0.6221   0.5271  0.05081
  0.5533   0.5057  -0.6414  -0.5644  -0.5125   0.6472  0.05368
  0.5165   0.5807  -0.6414  -0.5082  -0.5793   0.6373  0.05526
  0.5165   0.6251  -0.5583  -0.5255  -0.6322   0.5694  0.05368
  0.4685   0.6982  -0.5583  -0.4623  -0.6968   0.5483   0.0543
  0.4623   0.4496  -0.7476  -0.4752  -0.4539   0.7537   0.0566
  0.4294   0.5191  -0.7476  -0.4194  -0.5203   0.7439  0.05839
  0.4294   0.5807   -0.669  -0.4406  -0.5854   0.6806  0.05766
  0.3854   0.6488   -0.669  -0.3771  -0.6504   0.6594  0.05839
  0.3854   0.6982  -0.5748  -0.3943   -0.703   0.5919   0.0566
  0.3339   0.7595  -0.5748  -0.3277   -0.761   0.5599  0.05626
  0.3571   0.3797  -0.8407  -0.3708  -0.3804   0.8472  0.05766
  0.3263   0.4418  -0.8407  -0.3152  -0.4466   0.8374  0.05953
  0.3263   0.5191  -0.7718  -0.3391  -0.5202   0.7838  0.05992
  0.2859     0.58  -0.7718  -0.2757  -0.5852   0.7626  0.06072
  0.2859   0.6488  -0.6816  -0.2969  -0.6502   0.6993  0.05992
  0.2387    0.703  -0.6816  -0.2302  -0.7084   0.6673  0.05953
  0.2387   0.7595  -0.5778  -0.2472  -0.7608      0.6  0.05766
  0.1887   0.8031  -0.5748  -0.1822  -0.8083   0.5599  0.05626
  0.2447   0.2997   -0.913  -0.2581  -0.2962   0.9196   0.0566
  0.2136   0.3541   -0.913  -0.2023  -0.3626   0.9097  0.05839
  0.2136   0.4418  -0.8572  -0.2271  -0.4388   0.8694  0.05992
  0.1751   0.4948  -0.8572  -0.1637  -0.5037   0.8482  0.06072
  0.1751     0.58  -0.7766  -0.1876  -0.5773   0.7947  0.06113
  0.1314   0.6262  -0.7718  -0.1209  -0.6355   0.7626  0.06072
  0.1314    0.703  -0.6816   -0.142  -0.7005   0.6993  0.05992
 0.08609   0.7386   -0.669 -0.07718  -0.7478   0.6594  0.05839
 0.08609   0.8031  -0.5748 -0.09425  -0.8005   0.5919   0.0566
 0.04246   0.8266  -0.5583 -0.03557  -0.8355   0.5483   0.0543
  0.1333   0.2153  -0.9609  -0.1454  -0.2081   0.9672  0.05368
 0.09977   0.2633  -0.9609 -0.08933  -0.2749   0.9573  0.05526
 0.09977   0.3541  -0.9188  -0.1129  -0.3473   0.9309  0.05766
 0.06105   0.4003   -0.913 -0.04947  -0.4123   0.9097  0.05839
 0.06105   0.4948  -0.8572 -0.07423  -0.4885   0.8694  0.05992
 0.01926   0.5342  -0.8407 -0.007498  -0.5466   0.8374  0.05953
 0.01926   0.6262  -0.7718 -0.03143  -0.6202   0.7838  0.05992
-0.02256   0.6549  -0.7476  0.03344  -0.6675   0.7439  0.05839
-0.02256   0.7386   -0.669  0.01231  -0.7326   0.6806  0.05766
-0.06149    0.755  -0.6414  0.07066  -0.7674   0.6373  0.05526
-0.06149   0.8266  -0.5583  0.05353  -0.8203   0.5694  0.05368
-0.09555   0.8317  -0.5317   0.1027  -0.8436   0.5271  0.05081
 0.02981   0.1327  -0.9858 -0.03992  -0.1228   0.9916  0.04951
-0.007062   0.1761  -0.9804  0.01614  -0.1897   0.9817  0.05081
-0.007062   0.2633  -0.9609 -0.004707  -0.2538   0.9672  0.05368
 -0.0475   0.3047  -0.9445  0.05839  -0.3185   0.9461   0.0543
 -0.0475   0.4003   -0.913  0.03468  -0.3913   0.9196   0.0566
-0.08928   0.4353  -0.8858   0.1013  -0.4493   0.8876  0.05626
-0.08928   0.5342  -0.8407  0.07639  -0.5257   0.8472  0.05766
 -0.1295   0.5588  -0.8055   0.1415  -0.5731   0.8072  0.05626
 -0.1295   0.6549  -0.7476   0.1176  -0.6466   0.7537   0.0566
 -0.1654   0.6671   -0.709   0.1763  -0.6815   0.7102   0.0543
 -0.1654    0.755  -0.6414   0.1553  -0.7464   0.6472  0.05368
 -0.1953   0.7578  -0.6041   0.2045  -0.7696   0.6049  0.05081
 -0.1953   0.8289  -0.5317   0.1874  -0.8225   0.5369  0.04951
 -0.2189   0.8289   -0.499   0.2262  -0.8363   0.4994  0.04646
 -0.3176   0.8223   -0.499   0.3086  -0.8096   0.4994  0.04646
 -0.2976   0.7552  -0.6041   0.2869  -0.7428   0.6049  0.05082
 -0.2696   0.6671   -0.709   0.2579   -0.655   0.7102   0.0543
 -0.2337   0.5588  -0.8055   0.2224  -0.5468   0.8072  0.05626
 -0.1916   0.4353  -0.8858   0.1822   -0.423   0.8876  0.05626
 -0.1464   0.3047  -0.9445     0.14   -0.292   0.9461   0.0543
 -0.1015   0.1761  -0.9804  0.09847   -0.163   0.9817  0.05081
 -0.3176   0.7592  -0.5317   0.3318  -0.7756   0.5369  0.04951
 -0.4232   0.7552  -0.5317   0.4127  -0.7428   0.5271  0.05082
 -0.2976   0.6785  -0.6414    0.313  -0.6951   0.6472  0.05368
 -0.4051   0.6785  -0.6414   0.3939  -0.6623   0.6373  0.05526
 -0.4232   0.6785  -0.5583   0.4389  -0.6951   0.5694  0.05368
  -0.531   0.6671  -0.5583   0.5199   -0.655   0.5483   0.0543
 -0.2696   0.5758  -0.7476   0.2849  -0.5922   0.7537   0.0566
 -0.3761   0.5758  -0.7476   0.3653  -0.5596   0.7439  0.05839
 -0.4051   0.5792   -0.669   0.4206  -0.5999   0.6806  0.05766
 -0.5125   0.5758   -0.669    0.502  -0.5596   0.6594  0.05839
  -0.531   0.5758  -0.5748   0.5468  -0.5922   0.5919   0.0566
  -0.633   0.5588  -0.5748   0.6225  -0.5468   0.5599  0.05626
 -0.2337   0.4541  -0.8407   0.2472  -0.4702   0.8472  0.05766
 -0.3364   0.4541  -0.8407   0.3273  -0.4378   0.8374  0.05953
 -0.3761   0.4627  -0.7718     0.39  -0.4833   0.7838  0.05992
   -0.48   0.4627  -0.7718   0.4713  -0.4431   0.7626  0.06072
 -0.5125   0.4627  -0.6816   0.5267  -0.4833   0.6993  0.05992
  -0.611   0.4541  -0.6816   0.6026  -0.4378   0.6673  0.05953
  -0.633   0.4541  -0.5778   0.6472  -0.4702      0.6  0.05766
  -0.721   0.4353  -0.5748   0.7124   -0.423   0.5599  0.05626
 -0.1916   0.3211   -0.913    0.202   -0.337   0.9196   0.0566
 -0.2885   0.3211   -0.913   0.2824  -0.3045   0.9097  0.05839
 -0.3364   0.3312  -0.8572   0.3472  -0.3515   0.8694  0.05992
 -0.4343   0.3312  -0.8572   0.4285  -0.3113   0.8482  0.06072
   -0.48    0.333  -0.7766   0.4911  -0.3568   0.7947  0.06113
 -0.5725   0.3312  -0.7718    0.567  -0.3113   0.7626  0.06072
  -0.611   0.3312  -0.6816   0.6224  -0.3515   0.6993  0.05992
 -0.6928   0.3211   -0.669   0.6874  -0.3045   0.6594  0.05839
  -0.721   0.3211  -0.5748   0.7322   -0.337   0.5919   0.0566
 -0.7892   0.3047  -0.5583   0.7836   -0.292   0.5483   0.0543
 -0.1464   0.1869  -0.9609    0.153  -0.2026   0.9672  0.05368
 -0.2367   0.1869  -0.9609   0.2339  -0.1699   0.9573  0.05526
 -0.2885   0.1947  -0.9188   0.2955  -0.2147   0.9309  0.05766
 -0.3793   0.1947   -0.913   0.3768  -0.1745   0.9097  0.05839
 -0.4343   0.1981  -0.8572   0.4416  -0.2215   0.8694  0.05992
 -0.5196   0.1981  -0.8407   0.5175   -0.176   0.8374  0.05953
 -0.5725   0.1981  -0.7718   0.5801  -0.2215   0.7838  0.05992
  -0.647   0.1947  -0.7476   0.6451  -0.1745   0.7439  0.05839
 -0.6928   0.1947   -0.669   0.7005  -0.2147   0.6806  0.05766
 -0.7536   0.1869  -0.6414   0.7516  -0.1699   0.6373  0.05526
 -0.7892   0.1869  -0.5583   0.7967  -0.2026   0.5694  0.05368
 -0.8363   0.1761  -0.5317    0.834   -0.163   0.5271  0.05081
 -0.1015  0.06037  -0.9858   0.1045 -0.07592   0.9916  0.04951
 -0.1852  0.06037  -0.9804   0.1854 -0.04329   0.9817  0.05081
 -0.2367  0.06326  -0.9609   0.2399 -0.08291   0.9672  0.05368
 -0.3204  0.06326  -0.9445    0.321 -0.04289   0.9461   0.0543
 -0.3793  0.06487   -0.913   0.3829 -0.08795   0.9196   0.0566
 -0.4577  0.06487  -0.8858   0.4586 -0.04254   0.8876  0.05626
 -0.5196  0.06487  -0.8407   0.5236  -0.0898   0.8472  0.05766
 -0.5876  0.06487  -0.8055   0.5888 -0.04254   0.8072  0.05626
  -0.647  0.06487  -0.7476   0.6513 -0.08795   0.7537   0.0566
 -0.7014  0.06326   -0.709   0.7027 -0.04289   0.7102   0.0543
 -0.7536  0.06326  -0.6414   0.7578 -0.08291   0.6472  0.05368
 -0.7941  0.06037  -0.6041   0.7951 -0.04329   0.6049  0.05081
 -0.8363  0.06037  -0.5317   0.8402 -0.07592   0.5369  0.04951
 -0.8646   0.0567  -0.4989   0.8653 -0.04335   0.4994  0.04646
 -0.8646  -0.0567  -0.4989   0.8653  0.04335   0.4994  0.04646
 -0.7941 -0.06037  -0.6041   0.7951  0.04329   0.6049  0.05081
 -0.7014 -0.06326   -0.709   0.7027  0.04289   0.7102   0.0543
 -0.5876 -0.06487  -0.8055   0.5888  0.04254   0.8072  0.05626
 -0.4577 -0.06487  -0.8858   0.4586  0.04254   0.8876  0.05626
 -0.3204 -0.06326  -0.9445    0.321  0.04289   0.9461   0.0543
 -0.1852 -0.06038  -0.9804   0.1854  0.04329   0.9817  0.05081
 -0.8363 -0.06037  -0.5317   0.8402  0.07592   0.5369  0.04951
 -0.8363  -0.1761  -0.5317    0.834    0.163   0.5271  0.05081
 -0.7536 -0.06326  -0.6414   0.7578  0.08291   0.6472  0.05368
 -0.7536  -0.1869  -0.6414   0.7516   0.1699   0.6373  0.05526
 -0.7892  -0.1869  -0.5583   0.7967   0.2026   0.5694  0.05368
 -0.7892  -0.3047  -0.5583   0.7836    0.292   0.5483   0.0543
  -0.647 -0.06487  -0.7476   0.6513  0.08795   0.7537   0.0566
  -0.647  -0.1947  -0.7476   0.6451   0.1745   0.7439  0.05839
 -0.6928  -0.1947   -0.669   0.7005   0.2147   0.6806  0.05766
 -0.6928  -0.3211   -0.669   0.6874   0.3045   0.6594  0.05839
  -0.721  -0.3211  -0.5748   0.7322    0.337   0.5919   0.0566
  -0.721  -0.4353  -0.5748   0.7124    0.423   0.5599  0.05626
 -0.5196 -0.06487  -0.8407   0.5236  0.08981   0.8472  0.05766
 -0.5196  -0.1981  -0.8407   0.5175    0.176   0.8374  0.05953
 -0.5725  -0.1981  -0.7718   0.5801   0.2215   0.7838  0.05992
 -0.5725  -0.3312  -0.7718    0.567   0.3113   0.7626  0.06072
  -0.611  -0.3312  -0.6816   0.6224   0.3515   0.6993  0.05992
  -0.611  -0.4541  -0.6816   0.6026   0.4378   0.6673  0.05953
  -0.633  -0.4541  -0.5778   0.6472   0.4702      0.6  0.05766
  -0.633  -0.5588  -0.5748   0.6225   0.5468   0.5599  0.05626
 -0.3793 -0.06487   -0.913   0.3829  0.08795   0.9196   0.0566
 -0.3793  -0.1947   -0.913   0.3768   0.1745   0.9097  0.05839
 -0.4343  -0.1981  -0.8572   0.4416   0.2215   0.8694  0.05992
 -0.4343  -0.3312  -0.8572   0.4285   0.3113   0.8482  0.06072
   -0.48   -0.333  -0.7766   0.4911   0.3568   0.7947  0.06113
   -0.48  -0.4627  -0.7718   0.4713   0.4431   0.7626  0.06072
 -0.5125  -0.4627  -0.6816   0.5267   0.4833   0.6993  0.05992
 -0.5125  -0.5758   -0.669    0.502   0.5596   0.6594  0.05839
  -0.531  -0.5758  -0.5748   0.5468   0.5922   0.5919   0.0566
  -0.531  -0.6671  -0.5583   0.5199    0.655   0.5483   0.0543
 -0.2367 -0.06326  -0.9609   0.2399  0.08291   0.9672  0.05368
 -0.2367  -0.1869  -0.9609   0.2339   0.1699   0.9573  0.05526
 -0.2885  -0.1947  -0.9188   0.2955   0.2147   0.9309  0.05766
 -0.2885  -0.3211   -0.913   0.2824   0.3045   0.9097  0.05839
 -0.3364  -0.3312  -0.8572   0.3472   0.3515   0.8694  0.05992
 -0.3364  -0.4541  -0.8407   0.3273   0.4378   0.8374  0.05953
 -0.3761  -0.4627  -0.7718     0.39   0.4833   0.7838  0.05992
 -0.3761  -0.5758  -0.7476   0.3653   0.5596   0.7439  0.05839
 -0.4051  -0.5792   -0.669   0.4206   0.5999   0.6806  0.05766
 -0.4051  -0.6785  -0.6414   0.3939   0.6623   0.6373  0.05526
 -0.4232  -0.6785  -0.5583   0.4389   0.6951   0.5694  0.05368
 -0.4232  -0.7552  -0.5317   0.4127   0.7428   0.5271  0.05082
 -0.1015 -0.06038  -0.9858   0.1045  0.07592   0.9916  0.04951
 -0.1015  -0.1761  -0.9804  0.09847    0.163   0.9817  0.05081
 -0.1464  -0.1869  -0.9609    0.153   0.2026   0.9672  0.05368
 -0.1464  -0.3047  -0.9445     0.14    0.292   0.9461   0.0543
 -0.1916  -0.3211   -0.913    0.202    0.337   0.9196   0.0566
 -0.1916  -0.4353  -0.8858   0.1822    0.423   0.8876  0.05626
 -0.2337  -0.4541  -0.8407   0.2472   0.4702   0.8472  0.05766
 -0.2337  -0.5588  -0.8055   0.2224   0.5468   0.8072  0.05626
 -0.2696  -0.5758  -0.7476   0.2849   0.5922   0.7537   0.0566
 -0.2696  -0.6671   -0.709   0.2579    0.655   0.7102   0.0543
 -0.2976  -0.6785  -0.6414    0.313   0.6951   0.6472  0.05368
 -0.2976  -0.7552  -0.6041   0.2869   0.7428   0.6049  0.05082
 -0.3176  -0.7592  -0.5317   0.3318   0.7756   0.5369  0.04951
 -0.3176  -0.8223   -0.499   0.3086   0.8096   0.4994  0.04646
  0.7235   0.4731   -0.499  -0.7255  -0.4735   0.4994  0.04646
  0.7659   0.3579  -0.5317  -0.7705  -0.3584   0.5271  0.05081
   0.797    0.224  -0.5583  -0.8056  -0.2244   0.5483   0.0543
  0.8116  0.07635  -0.5748   -0.825  -0.0765   0.5599  0.05626
  0.8116 -0.07635  -0.5748   -0.825   0.0765   0.5599  0.05626
   0.797   -0.224  -0.5583  -0.8056   0.2244   0.5483   0.0543
  0.7659  -0.3579  -0.5317  -0.7705   0.3584   0.5271  0.05081
  0.7235   0.4319  -0.5317  -0.7244  -0.4324   0.5369  0.04951
  0.6643   0.4319  -0.6041  -0.6687  -0.4323   0.6049  0.05081
  0.7659   0.3039  -0.5583  -0.7636  -0.3044   0.5694  0.05368
  0.6996   0.3039  -0.6414   -0.708  -0.3043   0.6373  0.05526
  0.6643   0.3778  -0.6414  -0.6618  -0.3784   0.6472  0.05368
  0.5856   0.3778   -0.709  -0.5937  -0.3783   0.7102   0.0543
   0.797   0.1574  -0.5748  -0.7904  -0.1577   0.5919   0.0566
  0.7217   0.1574   -0.669  -0.7351  -0.1577   0.6594  0.05839
  0.6996   0.2376   -0.669  -0.6929  -0.2381   0.6806  0.05766
  0.6113   0.2376  -0.7476  -0.6245  -0.2381   0.7439  0.05839
  0.5856   0.3111  -0.7476  -0.5786  -0.3116   0.7537   0.0566
  0.4886   0.3111  -0.8055  -0.5013  -0.3117   0.8072  0.05626
  0.8116 -2.496e-07  -0.5778     -0.8 5.947e-07      0.6  0.05766
  0.7262 -2.496e-07  -0.6816  -0.7448 7.153e-07   0.6673  0.05953
  0.7217  0.08123  -0.6816  -0.7101 -0.08142   0.6993  0.05992
  0.6232  0.08123  -0.7718  -0.6417 -0.08141   0.7626  0.06072
  0.6113   0.1614  -0.7718  -0.5996  -0.1618   0.7838  0.05992
   0.504   0.1614  -0.8407  -0.5222  -0.1618   0.8374  0.05953
  0.4886   0.2347  -0.8407  -0.4764  -0.2351   0.8472  0.05766
  0.3783   0.2347  -0.8858   -0.396  -0.2352   0.8876  0.05626
   0.797  -0.1574  -0.5748  -0.7904   0.1577   0.5919   0.0566
  0.7217  -0.1574   -0.669  -0.7351   0.1577   0.6594  0.05839
  0.7217 -0.08123  -0.6816  -0.7101  0.08142   0.6993  0.05992
  0.6232 -0.08123  -0.7718  -0.6417  0.08141   0.7626  0.06072
  0.6232 -6.594e-07  -0.7766  -0.6071 -2.518e-07   0.7947  0.06113
  0.5069 -6.594e-07  -0.8572  -0.5297 1.166e-07   0.8482  0.06072
   0.504  0.08018  -0.8572  -0.4875 -0.08035   0.8694  0.05992
   0.385  0.08018   -0.913  -0.4074 -0.08037   0.9097  0.05839
  0.3783   0.1536   -0.913  -0.3615  -0.1539   0.9196   0.0566
   0.263   0.1536  -0.9445  -0.2849   -0.154   0.9461   0.0543
  0.7659  -0.3039  -0.5583  -0.7636   0.3044   0.5694  0.05368
  0.6996  -0.3039  -0.6414   -0.708   0.3043   0.6373  0.05526
  0.6996  -0.2376   -0.669  -0.6929   0.2381   0.6806  0.05766
  0.6113  -0.2376  -0.7476  -0.6245   0.2381   0.7439  0.05839
  0.6113  -0.1614  -0.7718  -0.5996   0.1618   0.7838  0.05992
   0.504  -0.1614  -0.8407  -0.5222   0.1618   0.8374  0.05953
   0.504 -0.08018  -0.8572  -0.4875  0.08035   0.8694  0.05992
   0.385 -0.08018   -0.913  -0.4074  0.08037   0.9097  0.05839
   0.385 -7.115e-07  -0.9188  -0.3652 1.099e-06   0.9309  0.05766
  0.2642 -7.115e-07  -0.9609  -0.2891 1.542e-06   0.9573  0.05526
   0.263  0.07381  -0.9609  -0.2428 -0.07396   0.9672  0.05368
   0.151  0.07381  -0.9804  -0.1755 -0.07398   0.9817  0.05081
  0.7235  -0.4319  -0.5317  -0.7244   0.4324   0.5369  0.04951
  0.6643  -0.4319  -0.6041  -0.6687   0.4323   0.6049  0.05081
  0.6643  -0.3778  -0.6414  -0.6618   0.3784   0.6472  0.05368
  0.5856  -0.3778   -0.709  -0.5937   0.3783   0.7102   0.0543
  0.5856  -0.3111  -0.7476  -0.5786   0.3116   0.7537   0.0566
  0.4886  -0.3111  -0.8055  -0.5013   0.3117   0.8072  0.05626
  0.4886  -0.2347  -0.8407  -0.4764   0.2351   0.8472  0.05766
  0.3783  -0.2347  -0.8858   -0.396   0.2352   0.8876  0.05626
  0.3783  -0.1536   -0.913  -0.3615   0.1539   0.9196   0.0566
   0.263  -0.1536  -0.9445  -0.2849    0.154   0.9461   0.0543
   0.263 -0.07381  -0.9609  -0.2428  0.07396   0.9672  0.05368
   0.151 -0.07381  -0.9804  -0.1755  0.07398   0.9817  0.05081
   0.151      0.0  -0.9858  -0.1292      0.0   0.9916  0.04951
 0.04824      0.0  -0.9964 -0.07376      0.0   0.9973  0.04646
 -0.2189  -0.8289   -0.499   0.2262   0.8363   0.4994  0.04646
 -0.1953  -0.7578  -0.6041   0.2045   0.7696   0.6049  0.05081
 -0.1654  -0.6671   -0.709   0.1763   0.6815   0.7102   0.0543
 -0.1295  -0.5588  -0.8055   0.1415   0.5731   0.8072  0.05626
-0.08928  -0.4353  -0.8858   0.1013   0.4493   0.8876  0.05626
 -0.0475  -0.3047  -0.9445  0.05839   0.3185   0.9461   0.0543
-0.007062  -0.1761  -0.9804  0.01613   0.1897   0.9817  0.05081
 -0.1953  -0.8289  -0.5317   0.1874   0.8225   0.5369  0.04951
-0.09555  -0.8317  -0.5317   0.1027   0.8436   0.5271  0.05081
 -0.1654   -0.755  -0.6414   0.1553   0.7463   0.6472  0.05368
-0.06149   -0.755  -0.6414  0.07066   0.7674   0.6373  0.05526
-0.06149  -0.8266  -0.5583  0.05353   0.8203   0.5694  0.05368
 0.04246  -0.8266  -0.5583 -0.03557   0.8355   0.5483   0.0543
 -0.1295  -0.6549  -0.7476   0.1176   0.6466   0.7537   0.0566
-0.02256  -0.6549  -0.7476  0.03343   0.6675   0.7439  0.05839
-0.02256  -0.7386   -0.669  0.01231   0.7326   0.6806  0.05766
 0.08609  -0.7386   -0.669 -0.07718   0.7478   0.6594  0.05839
 0.08609  -0.8031  -0.5748 -0.09425   0.8005   0.5919   0.0566
  0.1887  -0.8031  -0.5748  -0.1822   0.8083   0.5599  0.05626
-0.08928  -0.5342  -0.8407  0.07639   0.5257   0.8472  0.05766
 0.01927  -0.5342  -0.8407 -0.007499   0.5466   0.8374  0.05953
 0.01927  -0.6262  -0.7718 -0.03143   0.6202   0.7838  0.05992
  0.1314  -0.6262  -0.7718  -0.1209   0.6355   0.7626  0.06072
  0.1314   -0.703  -0.6816   -0.142   0.7005   0.6993  0.05992
  0.2387   -0.703  -0.6816  -0.2302   0.7084   0.6673  0.05953
  0.2387  -0.7595  -0.5778  -0.2472   0.7608      0.6  0.05766
  0.3339  -0.7595  -0.5748  -0.3277    0.761   0.5599  0.05626
 -0.0475  -0.4003   -0.913  0.03468   0.3913   0.9196   0.0566
 0.06105  -0.4003   -0.913 -0.04947   0.4123   0.9097  0.05839
 0.06105  -0.4948  -0.8572 -0.07423   0.4885   0.8694  0.05992
  0.1751  -0.4948  -0.8572  -0.1637   0.5037   0.8482  0.06072
  0.1751    -0.58  -0.7766  -0.1876   0.5773   0.7947  0.06113
  0.2859    -0.58  -0.7718  -0.2757   0.5852   0.7626  0.06072
  0.2859  -0.6488  -0.6816  -0.2969   0.6502   0.6993  0.05992
  0.3854  -0.6488   -0.669  -0.3771   0.6504   0.6594  0.05839
  0.3854  -0.6982  -0.5748  -0.3943    0.703   0.5919   0.0566
  0.4685  -0.6982  -0.5583  -0.4623   0.6968   0.5483   0.0543
-0.007062  -0.2633  -0.9609 -0.004708   0.2538   0.9672  0.05368
 0.09977  -0.2633  -0.9609 -0.08933   0.2749   0.9573  0.05526
 0.09977  -0.3541  -0.9188  -0.1129   0.3473   0.9309  0.05766
  0.2136  -0.3541   -0.913  -0.2023   0.3626   0.9097  0.05839
  0.2136  -0.4418  -0.8572  -0.2271   0.4388   0.8694  0.05992
  0.3263  -0.4418  -0.8407  -0.3152   0.4466   0.8374  0.05953
  0.3263  -0.5191  -0.7718  -0.3391   0.5202   0.7838  0.05992
  0.4294  -0.5191  -0.7476  -0.4194   0.5203   0.7439  0.05839
  0.4294  -0.5807   -0.669  -0.4406   0.5854   0.6806  0.05766
  0.5165  -0.5807  -0.6414  -0.5082   0.5793   0.6373  0.05526
  0.5165  -0.6251  -0.5583  -0.5255   0.6322   0.5694  0.05368
  0.5852  -0.6251  -0.5317  -0.5789   0.6221   0.5271  0.05081
 0.02981  -0.1327  -0.9858 -0.03992   0.1228   0.9916  0.04951
  0.1333  -0.1327  -0.9804  -0.1246    0.144   0.9817  0.05081
  0.1333  -0.2153  -0.9609  -0.1454   0.2081   0.9672  0.05368
  0.2447  -0.2153  -0.9445  -0.2345   0.2234   0.9461   0.0543
  0.2447  -0.2997   -0.913  -0.2581   0.2962   0.9196   0.0566
  0.3571  -0.2997  -0.8858   -0.346    0.304   0.8876  0.05626
  0.3571  -0.3797  -0.8407  -0.3708   0.3804   0.8472  0.05766
  0.4623  -0.3797  -0.8055  -0.4513   0.3805   0.8072  0.05626
  0.4623  -0.4496  -0.7476  -0.4752   0.4539   0.7537   0.0566
  0.5533  -0.4496   -0.709  -0.5433   0.4477   0.7102   0.0543
  0.5533  -0.5057  -0.6414  -0.5644   0.5125   0.6472  0.05368
  0.6262  -0.5057  -0.6041  -0.6178   0.5024   0.6049  0.05081
  0.6262  -0.5473  -0.5317  -0.6351   0.5553   0.5369  0.04951
   0.681  -0.5473   -0.499  -0.6746   0.5437   0.4994  0.04646