-- esfera 0.11
320
 0.06279  -0.1194   -0.984 -0.04815   0.1482   0.9878  0.09831
  0.7111  -0.4105  -0.5524   -0.723   0.4121   0.5545  0.09831
 -0.1256  -0.1194   -0.984   0.1261  0.09159   0.9878  0.09831
 -0.1256   0.1194   -0.984   0.1261 -0.09159   0.9878  0.09831
 0.06279   0.1194   -0.984 -0.04815  -0.1482   0.9878  0.09831
  0.7922  -0.4105  -0.3767  -0.8193   0.4121   0.3987  0.09831
  -0.153   -0.903  -0.3767   0.1387   0.9065   0.3987  0.09831
 -0.8938  -0.1194  -0.3767    0.905   0.1482   0.3987  0.09831
 -0.3802   0.7904  -0.3767   0.4206  -0.8149   0.3987  0.09831
  0.6278   0.6037  -0.3767  -0.6451  -0.6519   0.3987  0.09831
  0.7739  -0.5623  -0.3492  -0.7711   0.5603   0.3024  0.09831
 -0.2956   -0.903  -0.3492   0.2945   0.9065   0.3024  0.09831
 -0.9255      0.0  -0.3492   0.9532     -0.0   0.3024  0.09831
 -0.2956    0.903  -0.3492   0.2945  -0.9065   0.3024  0.09831
  0.7739   0.5623  -0.3492  -0.7711  -0.5603   0.3024  0.09831
  0.3584  -0.7836   0.5524  -0.3427   0.7583  -0.5545  0.09831
 -0.6278  -0.5623   0.5524   0.6153   0.5603  -0.5545  0.09831
 -0.7111   0.4105   0.5524    0.723  -0.4121  -0.5545  0.09831
   0.153   0.7904   0.5524  -0.1685  -0.8149  -0.5545  0.09831
  0.8239   0.1194   0.5524  -0.8271 -0.09159  -0.5545  0.09831
  0.1256   0.1194    0.984  -0.1261 -0.09159  -0.9878  0.09831
  0.3884   0.1314   0.9093  -0.3912 -0.09145  -0.9158    0.112
  0.6396   0.1314   0.7541  -0.6441 -0.09145  -0.7594    0.112
  0.2197   0.1314   0.9312  -0.2334  -0.1696  -0.9575   0.1094
  0.2197   0.3694   0.9093  -0.2079  -0.3438  -0.9158    0.112
     0.5   0.1314    0.809  -0.5168   -0.183  -0.8363   0.1176
     0.5   0.3943    0.809  -0.4911  -0.3568  -0.7947   0.1206
  0.3048   0.3943    0.809  -0.3338   -0.435  -0.8363   0.1176
  0.3048   0.6083   0.7541   -0.286  -0.5843  -0.7594    0.112
  0.7346   0.1314    0.613   -0.752  -0.1696  -0.6369   0.1094
  0.7346   0.3694    0.613  -0.7261  -0.3438  -0.5955    0.112
  0.5677   0.3943   0.6247  -0.5987   -0.435  -0.6726   0.1176
  0.5677   0.6083    0.613  -0.5513  -0.5843  -0.5955    0.112
  0.3584   0.6211    0.613  -0.3936  -0.6628  -0.6369   0.1094
  0.3584   0.7836   0.5524  -0.3427  -0.7583  -0.5545  0.09831
-0.06279   0.1194    0.984  0.04815  -0.1482  -0.9878  0.09831
 0.01213   0.3694   0.9093 -0.03391  -0.4003  -0.9158    0.112
 0.09002   0.6083   0.7541  -0.1121  -0.6409  -0.7594    0.112
-0.06279   0.2865   0.9312  0.08914  -0.2743  -0.9575   0.1094
 -0.2818   0.2865   0.9093   0.2627  -0.3039  -0.9158    0.112
 0.01213   0.5568    0.809  0.01438  -0.5481  -0.8363   0.1176
 -0.2073   0.5568    0.809   0.1876  -0.5773  -0.7947   0.1206
 -0.2818   0.4484    0.809   0.3105  -0.4519  -0.8363   0.1176
 -0.4857   0.4484   0.7541   0.4674  -0.4526  -0.7594    0.112
 0.09002   0.7762    0.613 -0.07113  -0.7676  -0.6369   0.1094
 -0.1166   0.7762    0.613   0.1026  -0.7968  -0.5955    0.112
 -0.2073   0.6984   0.6247   0.2287  -0.7038  -0.6726   0.1176
 -0.3974   0.6984    0.613   0.3854  -0.7049  -0.5955    0.112
 -0.4857   0.5623    0.613   0.5087  -0.5792  -0.6369   0.1094
 -0.6278   0.5623   0.5524   0.6153  -0.5603  -0.5545  0.09831
 -0.1016      0.0    0.984   0.1558      0.0  -0.9878  0.09831
 -0.3252   0.1545   0.9093   0.3702   -0.156  -0.9158    0.112
 -0.5481   0.3027   0.7541   0.5749  -0.3046  -0.7594    0.112
 -0.3252      0.0   0.9312   0.2885      0.0  -0.9575   0.1094
 -0.3252  -0.1545   0.9093   0.3702    0.156  -0.9158    0.112
 -0.5481   0.1545    0.809   0.5257  -0.1557  -0.8363   0.1176
  -0.559      0.0    0.809   0.6071      0.0  -0.7947   0.1206
 -0.5481  -0.1545    0.809   0.5257   0.1557  -0.8363   0.1176
 -0.5481  -0.3027   0.7541   0.5749   0.3046  -0.7594    0.112
 -0.7111   0.3027    0.613   0.7081  -0.3049  -0.6369   0.1094
 -0.7607   0.1476    0.613   0.7895  -0.1487  -0.5955    0.112
 -0.7607      0.0   0.6247     0.74      0.0  -0.6726   0.1176
 -0.7607  -0.1476    0.613   0.7895   0.1487  -0.5955    0.112
 -0.7111  -0.3027    0.613   0.7081   0.3049  -0.6369   0.1094
 -0.7111  -0.4105   0.5524    0.723   0.4121  -0.5545  0.09831
-0.06279  -0.1194    0.984  0.04815   0.1482  -0.9878  0.09831
 -0.2818  -0.2865   0.9093   0.2627   0.3039  -0.9158    0.112
 -0.4857  -0.4484   0.7541   0.4674   0.4526  -0.7594    0.112
-0.06279  -0.2865   0.9312  0.08914   0.2743  -0.9575   0.1094
 0.01213  -0.3694   0.9093 -0.03391   0.4003  -0.9158    0.112
 -0.2818  -0.4484    0.809   0.3105   0.4519  -0.8363   0.1176
 -0.2073  -0.5568    0.809   0.1876   0.5773  -0.7947   0.1206
 0.01213  -0.5568    0.809  0.01438   0.5481  -0.8363   0.1176
 0.09002  -0.6083   0.7541  -0.1121   0.6409  -0.7594    0.112
 -0.4857  -0.5623    0.613   0.5087   0.5792  -0.6369   0.1094
 -0.3974  -0.6984    0.613   0.3854   0.7049  -0.5955    0.112
 -0.2073  -0.6984   0.6247   0.2287   0.7038  -0.6726   0.1176
 -0.1166  -0.7762    0.613   0.1026   0.7968  -0.5955    0.112
 0.09002  -0.7762    0.613 -0.07113   0.7676  -0.6369   0.1094
   0.153  -0.7904   0.5524  -0.1685   0.8149  -0.5545  0.09831
  0.1256  -0.1194    0.984  -0.1261  0.09159  -0.9878  0.09831
  0.2197  -0.3694   0.9093  -0.2079   0.3438  -0.9158    0.112
  0.3048  -0.6083   0.7541   -0.286   0.5843  -0.7594    0.112
  0.2197  -0.1314   0.9312  -0.2334   0.1696  -0.9575   0.1094
  0.3884  -0.1314   0.9093  -0.3912  0.09145  -0.9158    0.112
  0.3048  -0.3943    0.809  -0.3338    0.435  -0.8363   0.1176
     0.5  -0.3943    0.809  -0.4911   0.3568  -0.7947   0.1206
     0.5  -0.1314    0.809  -0.5168    0.183  -0.8363   0.1176
  0.6396  -0.1314   0.7541  -0.6441  0.09145  -0.7594    0.112
  0.3584  -0.6211    0.613  -0.3936   0.6628  -0.6369   0.1094
  0.5677  -0.6083    0.613  -0.5513   0.5843  -0.5955    0.112
  0.5677  -0.3943   0.6247  -0.5987    0.435  -0.6726   0.1176
  0.7346  -0.3694    0.613  -0.7261   0.3438  -0.5955    0.112
  0.7346  -0.1314    0.613   -0.752   0.1696  -0.6369   0.1094
  0.8239  -0.1194   0.5524  -0.8271  0.09159  -0.5545  0.09831
  0.8938   0.1194   0.3767   -0.905  -0.1482  -0.3987  0.09831
  0.9092   0.2865   0.1382  -0.9366  -0.3039  -0.1745    0.112
    0.88   0.4484  -0.1256  -0.8883  -0.4526  0.07839    0.112
  0.8938   0.2865   0.3767  -0.8963  -0.2743  -0.3485   0.1094
   0.775   0.3694   0.4011  -0.8039  -0.4003  -0.4399    0.112
    0.88   0.4484   0.1382  -0.8869  -0.4519 -0.09623   0.1176
  0.7663   0.5568   0.1382  -0.7947  -0.5773  -0.1876   0.1206
  0.7663   0.5568   0.4011  -0.7544  -0.5481  -0.3611   0.1176
  0.5861   0.6083   0.4011  -0.6291  -0.6409  -0.4399    0.112
  0.7739   0.5623  -0.1256  -0.7972  -0.5792   0.1702   0.1094
  0.6984   0.6984  -0.1256  -0.7049  -0.7049  0.07839    0.112
  0.6984   0.6984   0.1382  -0.7038  -0.7038 -0.09623   0.1176
  0.5534   0.7762   0.1382  -0.5785  -0.7968  -0.1745    0.112
  0.5534   0.7762   0.3767  -0.5379  -0.7676  -0.3485   0.1094
  0.3802   0.7904   0.3767  -0.4206  -0.8149  -0.3987  0.09831
   0.153    0.903   0.3767  -0.1387  -0.9065  -0.3987  0.09831
0.008508   0.9755   0.1382 -0.0003633  -0.9846  -0.1745    0.112
 -0.1545   0.9755  -0.1256    0.156  -0.9846  0.07839    0.112
0.008508   0.9098   0.3767 -0.01603  -0.9372  -0.3485   0.1094
 -0.1166     0.88   0.4011   0.1323  -0.8883  -0.4399    0.112
 -0.1545   0.9755   0.1382   0.1557  -0.9831 -0.09624   0.1176
 -0.2927   0.9009   0.1382   0.3035  -0.9342  -0.1876   0.1206
 -0.2927     0.88   0.4011   0.2882  -0.8869  -0.3611   0.1176
 -0.3974   0.7662   0.4011   0.4151  -0.7964  -0.4399    0.112
 -0.2956   0.9098  -0.1256   0.3045  -0.9372   0.1702   0.1094
 -0.4484     0.88  -0.1256   0.4526  -0.8883  0.07839    0.112
 -0.4484     0.88   0.1382   0.4519  -0.8869 -0.09624   0.1176
 -0.5672   0.7662   0.1382   0.5791  -0.7964  -0.1745    0.112
 -0.5672   0.7662   0.3767   0.5638  -0.7488  -0.3485   0.1094
 -0.6278   0.6037   0.3767   0.6451  -0.6519  -0.3987  0.09831
 -0.7922   0.4105   0.3767   0.8193  -0.4121  -0.3987  0.09831
 -0.9059   0.3027   0.1382   0.9363  -0.3046  -0.1745    0.112
 -0.9755   0.1545  -0.1256   0.9846   -0.156  0.07839    0.112
   -0.88   0.3027   0.3767   0.8864  -0.3049  -0.3485   0.1094
   -0.88   0.1476   0.4011   0.8857  -0.1487  -0.4399    0.112
 -0.9736   0.1545   0.1382   0.9831  -0.1557 -0.09624   0.1176
 -0.9736 -1.267e-07   0.1382   0.9822 5.052e-07  -0.1876   0.1206
 -0.8989 -1.267e-07   0.4011   0.9325 8.576e-08  -0.3611   0.1176
   -0.88  -0.1476   0.4011   0.8857   0.1487  -0.4399    0.112
 -0.9783      0.0  -0.1256   0.9854      0.0   0.1702   0.1094
 -0.9755  -0.1545  -0.1256   0.9846    0.156  0.07839    0.112
 -0.9736  -0.1545   0.1382   0.9831   0.1557 -0.09624   0.1176
 -0.9059  -0.3027   0.1382   0.9363   0.3046  -0.1745    0.112
   -0.88  -0.3027   0.3767   0.8864   0.3049  -0.3485   0.1094
 -0.7922  -0.4105   0.3767   0.8193   0.4121  -0.3987  0.09831
 -0.6278  -0.6037   0.3767   0.6451   0.6519  -0.3987  0.09831
 -0.5672  -0.7662   0.1382   0.5791   0.7964  -0.1745    0.112
 -0.4484    -0.88  -0.1256   0.4526   0.8883  0.07839    0.112
 -0.5672  -0.7662   0.3767   0.5638   0.7488  -0.3485   0.1094
 -0.3974  -0.7662   0.4011   0.4151   0.7964  -0.4399    0.112
 -0.4484    -0.88   0.1382   0.4519   0.8869 -0.09624   0.1176
 -0.2927  -0.9009   0.1382   0.3035   0.9342  -0.1876   0.1206
 -0.2927    -0.88   0.4011   0.2882   0.8869  -0.3611   0.1176
 -0.1166    -0.88   0.4011   0.1323   0.8883  -0.4399    0.112
 -0.2956  -0.9098  -0.1256   0.3045   0.9372   0.1702   0.1094
 -0.1545  -0.9755  -0.1256    0.156   0.9846  0.07839    0.112
 -0.1545  -0.9755   0.1382   0.1557   0.9831 -0.09623   0.1176
0.008508  -0.9755   0.1382 -0.0003631   0.9846  -0.1745    0.112
0.008508  -0.9098   0.3767 -0.01603   0.9372  -0.3485   0.1094
   0.153   -0.903   0.3767  -0.1387   0.9065  -0.3987  0.09831
  0.3802  -0.7904   0.3767  -0.4206   0.8149  -0.3987  0.09831
  0.5534  -0.7762   0.1382  -0.5785   0.7968  -0.1745    0.112
  0.6984  -0.6984  -0.1256  -0.7049   0.7049  0.07839    0.112
  0.5534  -0.7762   0.3767  -0.5379   0.7676  -0.3485   0.1094
  0.5861  -0.6083   0.4011  -0.6291   0.6409  -0.4399    0.112
  0.6984  -0.6984   0.1382  -0.7038   0.7038 -0.09623   0.1176
  0.7663  -0.5568   0.1382  -0.7947   0.5773  -0.1876   0.1206
  0.7663  -0.5568   0.4011  -0.7544   0.5481  -0.3611   0.1176
   0.775  -0.3694   0.4011  -0.8039   0.4003  -0.4399    0.112
  0.7739  -0.5623  -0.1256  -0.7972   0.5792   0.1702   0.1094
    0.88  -0.4484  -0.1256  -0.8883   0.4526  0.07839    0.112
    0.88  -0.4484   0.1382  -0.8869   0.4519 -0.09623   0.1176
  0.9092  -0.2865   0.1382  -0.9366   0.3039  -0.1745    0.112
  0.8938  -0.2865   0.3767  -0.8963   0.2744  -0.3485   0.1094
  0.8938  -0.1194   0.3767   -0.905   0.1482  -0.3987  0.09831
  0.2956    0.903   0.3492  -0.2945  -0.9065  -0.3024  0.09831
  0.4484     0.88   0.1256  -0.4526  -0.8883 -0.07839    0.112
  0.5672   0.7662  -0.1382  -0.5791  -0.7964   0.1745    0.112
  0.2956   0.9098   0.1256  -0.3045  -0.9372  -0.1702   0.1094
  0.1545   0.9755   0.1256   -0.156  -0.9846 -0.07839    0.112
  0.4484     0.88  -0.1382  -0.4519  -0.8869  0.09624   0.1176
  0.2927   0.9009  -0.1382  -0.3035  -0.9342   0.1876   0.1206
  0.1545   0.9755  -0.1382  -0.1557  -0.9831  0.09624   0.1176
-0.008508   0.9755  -0.1382 0.0003629  -0.9846   0.1745    0.112
  0.5672   0.7662  -0.3767  -0.5638  -0.7488   0.3485   0.1094
  0.3974   0.7662  -0.4011  -0.4151  -0.7964   0.4399    0.112
  0.2927     0.88  -0.4011  -0.2882  -0.8869   0.3611   0.1176
  0.1166     0.88  -0.4011  -0.1323  -0.8883   0.4399    0.112
-0.008508   0.9098  -0.3767  0.01603  -0.9372   0.3485   0.1094
  -0.153    0.903  -0.3767   0.1387  -0.9065   0.3987  0.09831
 -0.7739   0.5623   0.3492   0.7711  -0.5603  -0.3024  0.09831
 -0.6984   0.6984   0.1256   0.7049  -0.7049 -0.07839    0.112
 -0.5534   0.7762  -0.1382   0.5785  -0.7968   0.1745    0.112
 -0.7739   0.5623   0.1256   0.7972  -0.5792  -0.1702   0.1094
   -0.88   0.4484   0.1256   0.8883  -0.4526 -0.07839    0.112
 -0.6984   0.6984  -0.1382   0.7038  -0.7038  0.09624   0.1176
 -0.7663   0.5568  -0.1382   0.7947  -0.5774   0.1876   0.1206
   -0.88   0.4484  -0.1382   0.8869  -0.4519  0.09623   0.1176
 -0.9092   0.2865  -0.1382   0.9366  -0.3039   0.1745    0.112
 -0.5534   0.7762  -0.3767   0.5379  -0.7676   0.3485   0.1094
 -0.5861   0.6083  -0.4011   0.6291  -0.6409   0.4399    0.112
 -0.7663   0.5568  -0.4011   0.7544  -0.5481   0.3611   0.1176
  -0.775   0.3694  -0.4011   0.8039  -0.4003   0.4399    0.112
 -0.8938   0.2865  -0.3767   0.8963  -0.2744   0.3485   0.1094
 -0.8938   0.1194  -0.3767    0.905  -0.1482   0.3987  0.09831
 -0.7739  -0.5623   0.3492   0.7711   0.5603  -0.3024  0.09831
   -0.88  -0.4484   0.1256   0.8883   0.4526 -0.07839    0.112
 -0.9092  -0.2865  -0.1382   0.9366   0.3039   0.1745    0.112
 -0.7739  -0.5623   0.1256   0.7972   0.5792  -0.1702   0.1094
 -0.6984  -0.6984   0.1256   0.7049   0.7049 -0.07839    0.112
   -0.88  -0.4484  -0.1382   0.8869   0.4519  0.09623   0.1176
 -0.7663  -0.5568  -0.1382   0.7947   0.5774   0.1876   0.1206
 -0.6984  -0.6984  -0.1382   0.7038   0.7038  0.09624   0.1176
 -0.5534  -0.7762  -0.1382   0.5785   0.7968   0.1745    0.112
 -0.8938  -0.2865  -0.3767   0.8963   0.2744   0.3485   0.1094
  -0.775  -0.3694  -0.4011   0.8039   0.4003   0.4399    0.112
 -0.7663  -0.5568  -0.4011   0.7544   0.5481   0.3611   0.1176
 -0.5861  -0.6083  -0.4011   0.6291   0.6409   0.4399    0.112
 -0.5534  -0.7762  -0.3767   0.5379   0.7676   0.3485   0.1094
 -0.3802  -0.7904  -0.3767   0.4206   0.8149   0.3987  0.09831
  0.2956   -0.903   0.3492  -0.2945   0.9065  -0.3024  0.09831
  0.1545  -0.9755   0.1256   -0.156   0.9846 -0.07839    0.112
-0.008508  -0.9755  -0.1382 0.0003629   0.9846   0.1745    0.112
  0.2956  -0.9098   0.1256  -0.3045   0.9372  -0.1702   0.1094
  0.4484    -0.88   0.1256  -0.4526   0.8883 -0.07839    0.112
  0.1545  -0.9755  -0.1382  -0.1557   0.9831  0.09624   0.1176
  0.2927  -0.9009  -0.1382  -0.3035   0.9342   0.1876   0.1206
  0.4484    -0.88  -0.1382  -0.4519   0.8869  0.09624   0.1176
  0.5672  -0.7662  -0.1382  -0.5791   0.7964   0.1745    0.112
-0.008508  -0.9098  -0.3767  0.01603   0.9372   0.3485   0.1094
  0.1166    -0.88  -0.4011  -0.1323   0.8883   0.4399    0.112
  0.2927    -0.88  -0.4011  -0.2882   0.8869   0.3611   0.1176
  0.3974  -0.7662  -0.4011  -0.4151   0.7964   0.4399    0.112
  0.5672  -0.7662  -0.3767  -0.5638   0.7488   0.3485   0.1094
  0.6278  -0.6037  -0.3767  -0.6451   0.6519   0.3987  0.09831
  0.9255      0.0   0.3492  -0.9532      0.0  -0.3024  0.09831
  0.9755  -0.1545   0.1256  -0.9846    0.156 -0.07839    0.112
  0.9059  -0.3027  -0.1382  -0.9363   0.3046   0.1745    0.112
  0.9783      0.0   0.1256  -0.9854     -0.0  -0.1702   0.1094
  0.9755   0.1545   0.1256  -0.9846   -0.156 -0.07839    0.112
  0.9736  -0.1545  -0.1382  -0.9831   0.1557  0.09624   0.1176
  0.9736 1.49e-08  -0.1382  -0.9822      0.0   0.1876   0.1206
  0.9736   0.1545  -0.1382  -0.9831  -0.1557  0.09624   0.1176
  0.9059   0.3027  -0.1382  -0.9363  -0.3046   0.1745    0.112
    0.88  -0.3027  -0.3767  -0.8864   0.3049   0.3485   0.1094
    0.88  -0.1476  -0.4011  -0.8857   0.1487   0.4399    0.112
  0.8989 1.49e-08  -0.4011  -0.9325      0.0   0.3611   0.1176
    0.88   0.1476  -0.4011  -0.8857  -0.1487   0.4399    0.112
    0.88   0.3027  -0.3767  -0.8864  -0.3049   0.3485   0.1094
  0.7922   0.4105  -0.3767  -0.8193  -0.4121   0.3987  0.09831
  0.6278   0.5623  -0.5524  -0.6153  -0.5603   0.5545  0.09831
  0.4857   0.4484  -0.7541  -0.4674  -0.4526   0.7594    0.112
  0.2818   0.2865  -0.9093  -0.2627  -0.3039   0.9158    0.112
  0.4857   0.5623   -0.613  -0.5087  -0.5792   0.6369   0.1094
  0.3974   0.6984   -0.613  -0.3854  -0.7049   0.5955    0.112
  0.2818   0.4484   -0.809  -0.3105  -0.4519   0.8363   0.1176
  0.2073   0.5568   -0.809  -0.1876  -0.5773   0.7947   0.1206
  0.2073   0.6984  -0.6247  -0.2287  -0.7038   0.6726   0.1176
  0.1166   0.7762   -0.613  -0.1026  -0.7968   0.5955    0.112
 0.06279   0.2865  -0.9312 -0.08914  -0.2744   0.9575   0.1094
-0.01213   0.3694  -0.9093  0.03391  -0.4003   0.9158    0.112
-0.01213   0.5568   -0.809 -0.01437  -0.5481   0.8363   0.1176
-0.09002   0.6083  -0.7541   0.1121  -0.6409   0.7594    0.112
-0.09002   0.7762   -0.613  0.07113  -0.7676   0.6369   0.1094
  -0.153   0.7904  -0.5524   0.1685  -0.8149   0.5545  0.09831
 -0.3584   0.7836  -0.5524   0.3427  -0.7583   0.5545  0.09831
 -0.3048   0.6083  -0.7541    0.286  -0.5843   0.7594    0.112
 -0.2197   0.3694  -0.9093   0.2079  -0.3438   0.9158    0.112
 -0.3584   0.6211   -0.613   0.3936  -0.6628   0.6369   0.1094
 -0.5677   0.6083   -0.613   0.5513  -0.5843   0.5955    0.112
 -0.3048   0.3943   -0.809   0.3338   -0.435   0.8363   0.1176
    -0.5   0.3943   -0.809   0.4911  -0.3568   0.7947   0.1206
 -0.5677   0.3943  -0.6247   0.5987   -0.435   0.6726   0.1176
 -0.7346   0.3694   -0.613   0.7261  -0.3438   0.5955    0.112
 -0.2197   0.1314  -0.9312   0.2334  -0.1696   0.9575   0.1094
 -0.3884   0.1314  -0.9093   0.3912 -0.09145   0.9158    0.112
    -0.5   0.1314   -0.809   0.5168   -0.183   0.8363   0.1176
 -0.6396   0.1314  -0.7541   0.6441 -0.09145   0.7594    0.112
 -0.7346   0.1314   -0.613    0.752  -0.1696   0.6369   0.1094
 -0.8239   0.1194  -0.5524   0.8271 -0.09159   0.5545  0.09831
 -0.8239  -0.1194  -0.5524   0.8271  0.09159   0.5545  0.09831
 -0.6396  -0.1314  -0.7541   0.6441  0.09145   0.7594    0.112
 -0.3884  -0.1314  -0.9093   0.3912  0.09145   0.9158    0.112
 -0.7346  -0.1314   -0.613    0.752   0.1696   0.6369   0.1094
 -0.7346  -0.3694   -0.613   0.7261   0.3438   0.5955    0.112
    -0.5  -0.1314   -0.809   0.5168    0.183   0.8363   0.1176
    -0.5  -0.3943   -0.809   0.4911   0.3568   0.7947   0.1206
 -0.5677  -0.3943  -0.6247   0.5987    0.435   0.6726   0.1176
 -0.5677  -0.6083   -0.613   0.5513   0.5843   0.5955    0.112
 -0.2197  -0.1314  -0.9312   0.2334   0.1696   0.9575   0.1094
 -0.2197  -0.3694  -0.9093   0.2079   0.3438   0.9158    0.112
 -0.3048  -0.3943   -0.809   0.3338    0.435   0.8363   0.1176
 -0.3048  -0.6083  -0.7541    0.286   0.5843   0.7594    0.112
 -0.3584  -0.6211   -0.613   0.3936   0.6628   0.6369   0.1094
 -0.3584  -0.7836  -0.5524   0.3427   0.7583   0.5545  0.09831
  0.7111   0.4105  -0.5524   -0.723  -0.4121   0.5545  0.09831
  0.7607   0.1476   -0.613  -0.7895  -0.1487   0.5955    0.112
  0.7607  -0.1476   -0.613  -0.7895   0.1487   0.5955    0.112
  0.7111   0.3027   -0.613  -0.7081  -0.3049   0.6369   0.1094
  0.5481   0.3027  -0.7541  -0.5749  -0.3046   0.7594    0.112
  0.7607 -4.768e-07  -0.6247    -0.74 1.196e-08   0.6726   0.1176
   0.559 -4.768e-07   -0.809  -0.6071 4.555e-07   0.7947   0.1206
  0.5481   0.1545   -0.809  -0.5257  -0.1557   0.8363   0.1176
  0.3252   0.1545  -0.9093  -0.3702  -0.1559   0.9158    0.112
  0.7111  -0.3027   -0.613  -0.7081   0.3049   0.6369   0.1094
  0.5481  -0.3027  -0.7541  -0.5749   0.3046   0.7594    0.112
  0.5481  -0.1545   -0.809  -0.5257   0.1557   0.8363   0.1176
  0.3252  -0.1545  -0.9093  -0.3702    0.156   0.9158    0.112
  0.3252      0.0  -0.9312  -0.2885      0.0   0.9575   0.1094
  0.1016      0.0   -0.984  -0.1558      0.0   0.9878  0.09831
  -0.153  -0.7904  -0.5524   0.1685   0.8149   0.5545  0.09831
-0.09002  -0.6083  -0.7541   0.1121   0.6409   0.7594    0.112
-0.01213  -0.3694  -0.9093  0.03391   0.4003   0.9158    0.112
-0.09002  -0.7762   -0.613  0.07113   0.7676   0.6369   0.1094
  0.1166  -0.7762   -0.613  -0.1026   0.7968   0.5955    0.112
-0.01213  -0.5568   -0.809 -0.01438   0.5481   0.8363   0.1176
  0.2073  -0.5568   -0.809  -0.1876   0.5773   0.7947   0.1206
  0.2073  -0.6984  -0.6247  -0.2287   0.7038   0.6726   0.1176
  0.3974  -0.6984   -0.613  -0.3854   0.7049   0.5955    0.112
 0.06279  -0.2865  -0.9312 -0.08914   0.2744   0.9575   0.1094
  0.2818  -0.2865  -0.9093  -0.2627   0.3039   0.9158    0.112
  0.2818  -0.4484   -0.809  -0.3105   0.4519   0.8363   0.1176
  0.4857  -0.4484  -0.7541  -0.4674   0.4526   0.7594    0.112
  0.4857  -0.5623   -0.613  -0.5087   0.5792   0.6369   0.1094
  0.6278  -0.5623  -0.5524  -0.6153   0.5603   0.5545  0.09831