-- Esfera 0.21 max 
80
  0.1314    -0.25  -0.9253  -0.1024   0.3151   0.9435   0.2106
   0.638  -0.2629  -0.6489  -0.7002    0.268   0.6617   0.2106
 -0.2629    -0.25  -0.9253    0.268   0.1947   0.9435   0.2106
 -0.2629     0.25  -0.9253    0.268  -0.1947   0.9435   0.2106
  0.1314     0.25  -0.9253  -0.1024  -0.3151   0.9435   0.2106
  0.8373  -0.2629  -0.2629   -0.905    0.268   0.3304   0.2106
-0.00676  -0.9045  -0.2629 -0.02475   0.9435   0.3304   0.2106
 -0.8196    -0.25  -0.2629   0.8897   0.3151   0.3304   0.2106
 -0.4823   0.6753  -0.2629   0.5746  -0.7488   0.3304   0.2106
  0.4932   0.6674  -0.2629  -0.5346  -0.7779   0.3304   0.2106
  0.7694   -0.559  -0.2236  -0.8026   0.5831   0.1256   0.2106
 -0.2939  -0.9045  -0.2236   0.3066   0.9435   0.1256   0.2106
 -0.9227      0.0  -0.2236   0.9921     -0.0   0.1256   0.2106
 -0.2939   0.9045  -0.2236   0.3066  -0.9435   0.1256   0.2106
  0.7694    0.559  -0.2236  -0.8026  -0.5831   0.1256   0.2106
  0.4253  -0.6753   0.6489  -0.4089   0.6284  -0.6617   0.2106
 -0.4932   -0.559   0.6489   0.4713   0.5831  -0.6617   0.2106
  -0.638   0.2629   0.6489   0.7002   -0.268  -0.6617   0.2106
 0.00676   0.6753   0.6489 -0.03853  -0.7488  -0.6617   0.2106
  0.7101     0.25   0.6489   -0.724  -0.1947  -0.6617   0.2106
  0.2629     0.25   0.9253   -0.268  -0.1947  -0.9435   0.2106
  0.4253     0.25   0.6882  -0.4911  -0.3568  -0.7947   0.2294
  0.4253   0.6753   0.6489  -0.4089  -0.6284  -0.6617   0.2106
 -0.1314     0.25   0.9253   0.1024  -0.3151  -0.9435   0.2106
 -0.1314    0.559   0.6882   0.1876  -0.5773  -0.7947   0.2294
 -0.4932    0.559   0.6489   0.4713  -0.5831  -0.6617   0.2106
 -0.2127      0.0   0.9253   0.3313      0.0  -0.9435   0.2106
  -0.638      0.0   0.6882   0.6071      0.0  -0.7947   0.2294
  -0.638  -0.2629   0.6489   0.7002    0.268  -0.6617   0.2106
 -0.1314    -0.25   0.9253   0.1024   0.3151  -0.9435   0.2106
 -0.1314   -0.559   0.6882   0.1876   0.5773  -0.7947   0.2294
 0.00676  -0.6753   0.6489 -0.03853   0.7488  -0.6617   0.2106
  0.2629    -0.25   0.9253   -0.268   0.1947  -0.9435   0.2106
  0.4253    -0.25   0.6882  -0.4911   0.3568  -0.7947   0.2294
  0.7101    -0.25   0.6489   -0.724   0.1947  -0.6617   0.2106
  0.8196     0.25   0.2629  -0.8897  -0.3151  -0.3304   0.2106
  0.7694    0.559   0.2629  -0.7947  -0.5773  -0.1876   0.2295
  0.4823   0.6753   0.2629  -0.5746  -0.7488  -0.3304   0.2106
 0.00676   0.9045   0.2629  0.02475  -0.9435  -0.3304   0.2106
 -0.2939   0.9045   0.2629   0.3035  -0.9342  -0.1876   0.2295
 -0.4932   0.6674   0.2629   0.5346  -0.7779  -0.3304   0.2106
 -0.8373   0.2629   0.2629    0.905   -0.268  -0.3304   0.2106
 -0.9009      0.0   0.2629   0.9822      0.0  -0.1876   0.2294
 -0.8373  -0.2629   0.2629    0.905    0.268  -0.3304   0.2106
 -0.4932  -0.6674   0.2629   0.5346   0.7779  -0.3304   0.2106
 -0.2939  -0.9045   0.2629   0.3035   0.9342  -0.1876   0.2295
 0.00676  -0.9045   0.2629  0.02475   0.9435  -0.3304   0.2106
  0.4823  -0.6753   0.2629  -0.5746   0.7488  -0.3304   0.2106
  0.7694   -0.559   0.2629  -0.7947   0.5773  -0.1876   0.2295
  0.8196    -0.25   0.2629  -0.8897   0.3151  -0.3304   0.2106
  0.2939   0.9045   0.2236  -0.3066  -0.9435  -0.1256   0.2106
  0.2939   0.9045  -0.2629  -0.3035  -0.9342   0.1876   0.2295
-0.00676   0.9045  -0.2629 -0.02475  -0.9435   0.3304   0.2106
 -0.7694    0.559   0.2236   0.8026  -0.5831  -0.1256   0.2106
 -0.7694    0.559  -0.2629   0.7947  -0.5773   0.1876   0.2295
 -0.8196     0.25  -0.2629   0.8897  -0.3151   0.3304   0.2106
 -0.7694   -0.559   0.2236   0.8026   0.5831  -0.1256   0.2106
 -0.7694   -0.559  -0.2629   0.7947   0.5773   0.1876   0.2295
 -0.4823  -0.6753  -0.2629   0.5746   0.7488   0.3304   0.2106
  0.2939  -0.9045   0.2236  -0.3066   0.9435  -0.1256   0.2106
  0.2939  -0.9045  -0.2629  -0.3035   0.9342   0.1876   0.2295
  0.4932  -0.6674  -0.2629  -0.5346   0.7779   0.3304   0.2106
  0.9227      0.0   0.2236  -0.9921      0.0  -0.1256   0.2106
  0.9009      0.0  -0.2629  -0.9822      0.0   0.1876   0.2294
  0.8373   0.2629  -0.2629   -0.905   -0.268   0.3304   0.2106
  0.4932    0.559  -0.6489  -0.4713  -0.5831   0.6617   0.2106
  0.1314    0.559  -0.6882  -0.1876  -0.5773   0.7947   0.2294
-0.00676   0.6753  -0.6489  0.03853  -0.7488   0.6617   0.2106
 -0.4253   0.6753  -0.6489   0.4089  -0.6284   0.6617   0.2106
 -0.4253     0.25  -0.6882   0.4911  -0.3568   0.7947   0.2294
 -0.7101     0.25  -0.6489    0.724  -0.1947   0.6617   0.2106
 -0.7101    -0.25  -0.6489    0.724   0.1947   0.6617   0.2106
 -0.4253    -0.25  -0.6882   0.4911   0.3568   0.7947   0.2294
 -0.4253  -0.6753  -0.6489   0.4089   0.6284   0.6617   0.2106
   0.638   0.2629  -0.6489  -0.7002   -0.268   0.6617   0.2106
   0.638      0.0  -0.6882  -0.6071      0.0   0.7947   0.2294
  0.2127      0.0  -0.9253  -0.3313      0.0   0.9435   0.2106
-0.00676  -0.6753  -0.6489  0.03853   0.7488   0.6617   0.2106
  0.1314   -0.559  -0.6882  -0.1876   0.5773   0.7947   0.2294
  0.4932   -0.559  -0.6489  -0.4713   0.5831   0.6617   0.2106
 
There are 80 colocation points