-------max radius = 0.310000002 -------- Trapecio3D
44
    -0.3     -0.3    -0.25      0.0      0.0     -1.0   0.3385
     0.7     -0.3  -0.4375  -0.8824 4.383e-07  -0.4706   0.2015
    -0.3     -0.7  -0.4375 4.383e-07   0.8824  -0.4706   0.2015
    -0.7      0.3  -0.4375   0.8824 -1.753e-07  -0.4706   0.2015
    -0.7      0.9  -0.8125 -2.337e-07  -0.8824  -0.4706   0.2467
    0.25      0.9  -0.8125 -2.337e-07  -0.8824  -0.4706   0.2467
     0.3      0.7  -0.4375 -2.63e-07  -0.8824  -0.4706   0.2015
    -0.3      0.7  -0.4375 -2.63e-07  -0.8824  -0.4706   0.2015
    -0.7     -0.3  -0.4375   0.8824 -1.753e-07  -0.4706   0.2015
    -0.9    -0.25  -0.8125   0.8824 -1.753e-07  -0.4706   0.2467
    -0.9      0.7  -0.8125   0.8824 -2.337e-07  -0.4706   0.2467
     0.3     -0.7  -0.4375 4.383e-07   0.8824  -0.4706   0.2015
    0.25     -0.9  -0.8125 1.753e-07   0.8824  -0.4706   0.2467
    -0.7     -0.9  -0.8125 1.753e-07   0.8824  -0.4706   0.2467
     0.7      0.3  -0.4375  -0.8824 5.259e-07  -0.4706   0.2015
     0.9     0.25  -0.8125  -0.8824 1.169e-07  -0.4706   0.2467
     0.9     -0.7  -0.8125  -0.8824 5.844e-08  -0.4706   0.2467
    -0.3      0.3    -0.25      0.0      0.0     -1.0   0.3385
     0.3      0.3    -0.25      0.0      0.0     -1.0   0.3385
     0.3     -0.3    -0.25      0.0      0.0     -1.0   0.3385
     0.9    -0.25  -0.8125  -0.8824 5.844e-08  -0.4706   0.2467
     0.9      0.7  -0.8125  -0.8824 5.844e-08  -0.4706   0.2467
   -0.25     -0.9  -0.8125 1.169e-07   0.8824  -0.4706   0.2467
     0.7     -0.9  -0.8125 1.169e-07   0.8824  -0.4706   0.2467
    -0.9     0.25  -0.8125   0.8824 -1.753e-07  -0.4706   0.2467
    -0.9     -0.7  -0.8125   0.8824 -2.337e-07  -0.4706   0.2467
     0.7      0.9  -0.8125 -1.169e-07  -0.8824  -0.4706   0.2467
   -0.25      0.9  -0.8125 -2.337e-07  -0.8824  -0.4706   0.2467
     0.7     -0.2  -0.4375  -0.8824 1.315e-07  -0.4706   0.1645
     0.7     -0.6  -0.4375  -0.8824 1.315e-07  -0.4706   0.1645
    -0.2     -0.7  -0.4375 2.63e-07   0.8824  -0.4706   0.1645
    -0.6     -0.7  -0.4375 2.63e-07   0.8824  -0.4706   0.1645
    -0.7      0.2  -0.4375   0.8824 -1.315e-07  -0.4706   0.1645
    -0.7      0.6  -0.4375   0.8824 -2.63e-07  -0.4706   0.1645
     0.6      0.7  -0.4375 -1.315e-07  -0.8824  -0.4706   0.1645
     0.2      0.7  -0.4375 -2.63e-07  -0.8824  -0.4706   0.1645
    -0.2      0.7  -0.4375 -2.63e-07  -0.8824  -0.4706   0.1645
    -0.6      0.7  -0.4375 -2.63e-07  -0.8824  -0.4706   0.1645
    -0.7     -0.6  -0.4375   0.8824 -2.63e-07  -0.4706   0.1645
    -0.7     -0.2  -0.4375   0.8824 -1.315e-07  -0.4706   0.1645
     0.6     -0.7  -0.4375 1.315e-07   0.8824  -0.4706   0.1645
     0.2     -0.7  -0.4375 2.63e-07   0.8824  -0.4706   0.1645
     0.7      0.6  -0.4375  -0.8824 1.315e-07  -0.4706   0.1645
     0.7      0.2  -0.4375  -0.8824 2.63e-07  -0.4706   0.1645
