cubo rad 0.3
24
-0.25    -0.25     -0.5      0.0     -0.0      1.0   0.2821
   -0.25    -0.25      0.5      0.0      0.0     -1.0   0.2821
     0.5    -0.25     0.25     -1.0 4.172e-07 -1.788e-07   0.2821
   -0.25     -0.5     0.25 3.576e-07      1.0 8.527e-14   0.2821
    -0.5     0.25     0.25      1.0 -2.086e-07 1.49e-07   0.2821
   -0.25      0.5    -0.25 -2.682e-07     -1.0 -1.49e-07   0.2821
    0.25    -0.25     -0.5      0.0     -0.0      1.0   0.2821
    0.25     0.25     -0.5      0.0     -0.0      1.0   0.2821
   -0.25     0.25     -0.5      0.0     -0.0      1.0   0.2821
   -0.25     0.25      0.5      0.0      0.0     -1.0   0.2821
    0.25     0.25      0.5      0.0      0.0     -1.0   0.2821
    0.25    -0.25      0.5      0.0      0.0     -1.0   0.2821
     0.5     0.25     0.25     -1.0 4.47e-07 8.941e-08   0.2821
     0.5     0.25    -0.25     -1.0 1.49e-07 8.941e-08   0.2821
     0.5    -0.25    -0.25     -1.0 1.49e-07 -2.086e-07   0.2821
    0.25     -0.5     0.25 3.576e-07      1.0 2.384e-07   0.2821
    0.25     -0.5    -0.25 1.788e-07      1.0 1.788e-07   0.2821
   -0.25     -0.5    -0.25 1.49e-07      1.0 2.98e-08   0.2821
    -0.5    -0.25     0.25      1.0 -2.384e-07 1.192e-07   0.2821
    -0.5    -0.25    -0.25      1.0 -2.384e-07 1.192e-07   0.2821
    -0.5     0.25    -0.25      1.0 -2.384e-07 1.192e-07   0.2821
    0.25      0.5    -0.25 -2.086e-07     -1.0 -2.086e-07   0.2821
    0.25      0.5     0.25 -2.682e-07     -1.0 -2.086e-07   0.2821
   -0.25      0.5     0.25 -2.682e-07     -1.0 -2.086e-07   0.2821