Ico5Unit
80
0.06572   -0.125  -0.4627  -0.1024   0.3151   0.9435   0.1053
   0.319  -0.1314  -0.3245  -0.7002    0.268   0.6617   0.1053
 -0.1314   -0.125  -0.4627    0.268   0.1947   0.9435   0.1053
 -0.1314    0.125  -0.4627    0.268  -0.1947   0.9435   0.1053
 0.06572    0.125  -0.4627  -0.1024  -0.3151   0.9435   0.1053
  0.4187  -0.1314  -0.1314   -0.905    0.268   0.3304   0.1053
-0.00338  -0.4523  -0.1314 -0.02475   0.9435   0.3304   0.1053
 -0.4098   -0.125  -0.1314   0.8897   0.3151   0.3304   0.1053
 -0.2411   0.3377  -0.1314   0.5746  -0.7488   0.3304   0.1053
  0.2466   0.3337  -0.1314  -0.5346  -0.7779   0.3304   0.1053
  0.3847  -0.2795  -0.1118  -0.8026   0.5831   0.1256   0.1053
 -0.1469  -0.4523  -0.1118   0.3066   0.9435   0.1256   0.1053
 -0.4614      0.0  -0.1118   0.9921     -0.0   0.1256   0.1053
 -0.1469   0.4523  -0.1118   0.3066  -0.9435   0.1256   0.1053
  0.3847   0.2795  -0.1118  -0.8026  -0.5831   0.1256   0.1053
  0.2127  -0.3377   0.3245  -0.4089   0.6284  -0.6617   0.1053
 -0.2466  -0.2795   0.3245   0.4713   0.5831  -0.6617   0.1053
  -0.319   0.1314   0.3245   0.7002   -0.268  -0.6617   0.1053
 0.00338   0.3377   0.3245 -0.03853  -0.7488  -0.6617   0.1053
   0.355    0.125   0.3245   -0.724  -0.1947  -0.6617   0.1053
-0.00338  -0.3377  -0.3245  0.03853   0.7488   0.6617   0.1053
 0.06572  -0.2795  -0.3441  -0.1876   0.5773   0.7947   0.1147
  0.2466  -0.2795  -0.3245  -0.4713   0.5831   0.6617   0.1053
   0.319   0.1314  -0.3245  -0.7002   -0.268   0.6617   0.1053
   0.319      0.0  -0.3441  -0.6071      0.0   0.7947   0.1147
  0.1063      0.0  -0.4627  -0.3313      0.0   0.9435   0.1053
  -0.355   -0.125  -0.3245    0.724   0.1947   0.6617   0.1053
 -0.2127   -0.125  -0.3441   0.4911   0.3568   0.7947   0.1147
 -0.2127  -0.3377  -0.3245   0.4089   0.6284   0.6617   0.1053
 -0.2127   0.3377  -0.3245   0.4089  -0.6284   0.6617   0.1053
 -0.2127    0.125  -0.3441   0.4911  -0.3568   0.7947   0.1147
  -0.355    0.125  -0.3245    0.724  -0.1947   0.6617   0.1053
  0.2466   0.2795  -0.3245  -0.4713  -0.5831   0.6617   0.1053
 0.06572   0.2795  -0.3441  -0.1876  -0.5773   0.7947   0.1147
-0.00338   0.3377  -0.3245  0.03853  -0.7488   0.6617   0.1053
  0.4614      0.0   0.1118  -0.9921      0.0  -0.1256   0.1053
  0.4504      0.0  -0.1314  -0.9822      0.0   0.1876   0.1147
  0.4187   0.1314  -0.1314   -0.905   -0.268   0.3304   0.1053
  0.1469  -0.4523   0.1118  -0.3066   0.9435  -0.1256   0.1053
  0.1469  -0.4523  -0.1314  -0.3035   0.9342   0.1876   0.1147
  0.2466  -0.3337  -0.1314  -0.5346   0.7779   0.3304   0.1053
 -0.3847  -0.2795   0.1118   0.8026   0.5831  -0.1256   0.1053
 -0.3847  -0.2795  -0.1314   0.7947   0.5773   0.1876   0.1147
 -0.2411  -0.3377  -0.1314   0.5746   0.7488   0.3304   0.1053
 -0.3847   0.2795   0.1118   0.8026  -0.5831  -0.1256   0.1053
 -0.3847   0.2795  -0.1314   0.7947  -0.5773   0.1876   0.1147
 -0.4098    0.125  -0.1314   0.8897  -0.3151   0.3304   0.1053
  0.1469   0.4523   0.1118  -0.3066  -0.9435  -0.1256   0.1053
  0.1469   0.4523  -0.1314  -0.3035  -0.9342   0.1876   0.1147
-0.00338   0.4523  -0.1314 -0.02475  -0.9435   0.3304   0.1053
  0.2411  -0.3377   0.1314  -0.5746   0.7488  -0.3304   0.1053
  0.3847  -0.2795   0.1314  -0.7947   0.5773  -0.1876   0.1147
  0.4098   -0.125   0.1314  -0.8897   0.3151  -0.3304   0.1053
 -0.2466  -0.3337   0.1314   0.5346   0.7779  -0.3304   0.1053
 -0.1469  -0.4523   0.1314   0.3035   0.9342  -0.1876   0.1147
 0.00338  -0.4523   0.1314  0.02475   0.9435  -0.3304   0.1053
 -0.4187   0.1314   0.1314    0.905   -0.268  -0.3304   0.1053
 -0.4504      0.0   0.1314   0.9822      0.0  -0.1876   0.1147
 -0.4187  -0.1314   0.1314    0.905    0.268  -0.3304   0.1053
 0.00338   0.4523   0.1314  0.02475  -0.9435  -0.3304   0.1053
 -0.1469   0.4523   0.1314   0.3035  -0.9342  -0.1876   0.1147
 -0.2466   0.3337   0.1314   0.5346  -0.7779  -0.3304   0.1053
  0.4098    0.125   0.1314  -0.8897  -0.3151  -0.3304   0.1053
  0.3847   0.2795   0.1314  -0.7947  -0.5773  -0.1876   0.1147
  0.2411   0.3377   0.1314  -0.5746  -0.7488  -0.3304   0.1053
  0.1314   -0.125   0.4627   -0.268   0.1947  -0.9435   0.1053
  0.2127   -0.125   0.3441  -0.4911   0.3568  -0.7947   0.1147
   0.355   -0.125   0.3245   -0.724   0.1947  -0.6617   0.1053
-0.06572   -0.125   0.4627   0.1024   0.3151  -0.9435   0.1053
-0.06572  -0.2795   0.3441   0.1876   0.5773  -0.7947   0.1147
 0.00338  -0.3377   0.3245 -0.03853   0.7488  -0.6617   0.1053
 -0.1063      0.0   0.4627   0.3313      0.0  -0.9435   0.1053
  -0.319      0.0   0.3441   0.6071      0.0  -0.7947   0.1147
  -0.319  -0.1314   0.3245   0.7002    0.268  -0.6617   0.1053
-0.06572    0.125   0.4627   0.1024  -0.3151  -0.9435   0.1053
-0.06572   0.2795   0.3441   0.1876  -0.5773  -0.7947   0.1147
 -0.2466   0.2795   0.3245   0.4713  -0.5831  -0.6617   0.1053
  0.1314    0.125   0.4627   -0.268  -0.1947  -0.9435   0.1053
  0.2127    0.125   0.3441  -0.4911  -0.3568  -0.7947   0.1147
  0.2127   0.3377   0.3245  -0.4089  -0.6284  -0.6617   0.1053