----/Users/marshall/Documents/DOC/coco/turnt-octo-happiness/LayIBEM3d/geometria3d/reimprimir/mediaEsfera.blend----
40
  0.4253  -0.6753   0.6489  -0.4089   0.6284  -0.6617   0.2106
3
  0.2764  -0.8506   0.4472
  0.1625     -0.5   0.8507
  0.6882     -0.5   0.5257
 -0.4932   -0.559   0.6489   0.4713   0.5831  -0.6617   0.2106
3
 -0.7236  -0.5257   0.4472
 -0.4253   -0.309   0.8507
 -0.2629   -0.809   0.5257
  -0.638   0.2629   0.6489   0.7002   -0.268  -0.6617   0.2106
3
 -0.7236   0.5257   0.4472
 -0.4253    0.309   0.8507
 -0.8506      0.0   0.5257
 0.00676   0.6753   0.6489 -0.03853  -0.7488  -0.6617   0.2106
3
  0.2764   0.8506   0.4472
  0.1625      0.5   0.8507
 -0.2629    0.809   0.5257
  0.7101     0.25   0.6489   -0.724  -0.1947  -0.6617   0.2106
3
  0.8944      0.0   0.4472
  0.5257      0.0   0.8507
  0.6882      0.5   0.5257
  0.2629     0.25   0.9253   -0.268  -0.1947  -0.9435   0.2106
3
  0.5257      0.0   0.8507
     0.0      0.0      1.0
  0.1625      0.5   0.8507
  0.4253     0.25   0.6882  -0.4911  -0.3568  -0.7947   0.2294
3
  0.5257      0.0   0.8507
  0.1625      0.5   0.8507
  0.6882      0.5   0.5257
  0.4253   0.6753   0.6489  -0.4089  -0.6284  -0.6617   0.2106
3
  0.6882      0.5   0.5257
  0.1625      0.5   0.8507
  0.2764   0.8506   0.4472
 -0.1314     0.25   0.9253   0.1024  -0.3151  -0.9435   0.2106
3
  0.1625      0.5   0.8507
     0.0      0.0      1.0
 -0.4253    0.309   0.8507
 -0.1314    0.559   0.6882   0.1876  -0.5773  -0.7947   0.2294
3
  0.1625      0.5   0.8507
 -0.4253    0.309   0.8507
 -0.2629    0.809   0.5257
 -0.4932    0.559   0.6489   0.4713  -0.5831  -0.6617   0.2106
3
 -0.2629    0.809   0.5257
 -0.4253    0.309   0.8507
 -0.7236   0.5257   0.4472
 -0.2127      0.0   0.9253   0.3313      0.0  -0.9435   0.2106
3
 -0.4253    0.309   0.8507
     0.0      0.0      1.0
 -0.4253   -0.309   0.8507
  -0.638      0.0   0.6882   0.6071      0.0  -0.7947   0.2294
3
 -0.4253    0.309   0.8507
 -0.4253   -0.309   0.8507
 -0.8506      0.0   0.5257
  -0.638  -0.2629   0.6489   0.7002    0.268  -0.6617   0.2106
3
 -0.8506      0.0   0.5257
 -0.4253   -0.309   0.8507
 -0.7236  -0.5257   0.4472
 -0.1314    -0.25   0.9253   0.1024   0.3151  -0.9435   0.2106
3
 -0.4253   -0.309   0.8507
     0.0      0.0      1.0
  0.1625     -0.5   0.8507
 -0.1314   -0.559   0.6882   0.1876   0.5773  -0.7947   0.2294
3
 -0.4253   -0.309   0.8507
  0.1625     -0.5   0.8507
 -0.2629   -0.809   0.5257
 0.00676  -0.6753   0.6489 -0.03853   0.7488  -0.6617   0.2106
3
 -0.2629   -0.809   0.5257
  0.1625     -0.5   0.8507
  0.2764  -0.8506   0.4472
  0.2629    -0.25   0.9253   -0.268   0.1947  -0.9435   0.2106
3
  0.1625     -0.5   0.8507
     0.0      0.0      1.0
  0.5257      0.0   0.8507
  0.4253    -0.25   0.6882  -0.4911   0.3568  -0.7947   0.2294
3
  0.1625     -0.5   0.8507
  0.5257      0.0   0.8507
  0.6882     -0.5   0.5257
  0.7101    -0.25   0.6489   -0.724   0.1947  -0.6617   0.2106
3
  0.6882     -0.5   0.5257
  0.5257      0.0   0.8507
  0.8944      0.0   0.4472
  0.8196     0.25   0.2629  -0.8897  -0.3151  -0.3304   0.2106
3
  0.9511    0.309      0.0
  0.8944      0.0   0.4472
  0.6882      0.5   0.5257
  0.7694    0.559   0.2629  -0.7947  -0.5773  -0.1876   0.2295
3
  0.9511    0.309      0.0
  0.6882      0.5   0.5257
  0.5878    0.809      0.0
  0.4823   0.6753   0.2629  -0.5746  -0.7488  -0.3304   0.2106
3
  0.5878    0.809      0.0
  0.6882      0.5   0.5257
  0.2764   0.8506   0.4472
 0.00676   0.9045   0.2629  0.02475  -0.9435  -0.3304   0.2106
3
     0.0      1.0      0.0
  0.2764   0.8506   0.4472
 -0.2629    0.809   0.5257
 -0.2939   0.9045   0.2629   0.3035  -0.9342  -0.1876   0.2295
3
     0.0      1.0      0.0
 -0.2629    0.809   0.5257
 -0.5878    0.809      0.0
 -0.4932   0.6674   0.2629   0.5346  -0.7779  -0.3304   0.2106
3
 -0.5878    0.809      0.0
 -0.2629    0.809   0.5257
 -0.7236   0.5257   0.4472
 -0.8373   0.2629   0.2629    0.905   -0.268  -0.3304   0.2106
3
 -0.9511    0.309      0.0
 -0.7236   0.5257   0.4472
 -0.8506      0.0   0.5257
 -0.9009      0.0   0.2629   0.9822      0.0  -0.1876   0.2294
3
 -0.9511    0.309      0.0
 -0.8506      0.0   0.5257
 -0.9511   -0.309      0.0
 -0.8373  -0.2629   0.2629    0.905    0.268  -0.3304   0.2106
3
 -0.9511   -0.309      0.0
 -0.8506      0.0   0.5257
 -0.7236  -0.5257   0.4472
 -0.4932  -0.6674   0.2629   0.5346   0.7779  -0.3304   0.2106
3
 -0.5878   -0.809      0.0
 -0.7236  -0.5257   0.4472
 -0.2629   -0.809   0.5257
 -0.2939  -0.9045   0.2629   0.3035   0.9342  -0.1876   0.2295
3
 -0.5878   -0.809      0.0
 -0.2629   -0.809   0.5257
     0.0     -1.0      0.0
 0.00676  -0.9045   0.2629  0.02475   0.9435  -0.3304   0.2106
3
     0.0     -1.0      0.0
 -0.2629   -0.809   0.5257
  0.2764  -0.8506   0.4472
  0.4823  -0.6753   0.2629  -0.5746   0.7488  -0.3304   0.2106
3
  0.5878   -0.809      0.0
  0.2764  -0.8506   0.4472
  0.6882     -0.5   0.5257
  0.7694   -0.559   0.2629  -0.7947   0.5773  -0.1876   0.2295
3
  0.5878   -0.809      0.0
  0.6882     -0.5   0.5257
  0.9511   -0.309      0.0
  0.8196    -0.25   0.2629  -0.8897   0.3151  -0.3304   0.2106
3
  0.9511   -0.309      0.0
  0.6882     -0.5   0.5257
  0.8944      0.0   0.4472
  0.2939   0.9045   0.2236  -0.3066  -0.9435  -0.1256   0.2106
3
  0.5878    0.809      0.0
  0.2764   0.8506   0.4472
     0.0      1.0      0.0
 -0.7694    0.559   0.2236   0.8026  -0.5831  -0.1256   0.2106
3
 -0.5878    0.809      0.0
 -0.7236   0.5257   0.4472
 -0.9511    0.309      0.0
 -0.7694   -0.559   0.2236   0.8026   0.5831  -0.1256   0.2106
3
 -0.9511   -0.309      0.0
 -0.7236  -0.5257   0.4472
 -0.5878   -0.809      0.0
  0.2939  -0.9045   0.2236  -0.3066   0.9435  -0.1256   0.2106
3
     0.0     -1.0      0.0
  0.2764  -0.8506   0.4472
  0.5878   -0.809      0.0
  0.9227      0.0   0.2236  -0.9921      0.0  -0.1256   0.2106
3
  0.9511   -0.309      0.0
  0.8944      0.0   0.4472
  0.9511    0.309      0.0
